customer_id,frequency_orders,monetary_total,recency_days,avg_basket_value,avg_items_count,discount_rate,boutique_rate,category_share_Accessories,category_share_Beauty,category_share_Fragrance,category_share_RTW,cluster_id,persona_name
C000001,5.0,1058.59,184.0,211.718,3.2,0.0,0.2,0.152230797570353,0.4661483671676475,0.0,0.3816208352619994,2,Beauty Regulars
C000002,12.0,3652.34,38.0,304.3616666666666,3.25,0.25,0.25,0.1023645115186428,0.235230016920659,0.2684224360273139,0.3939830355333841,3,Ready-to-Wear Focus
C000003,9.0,2021.23,5.0,224.5811111111111,3.6666666666666665,0.1111111111111111,0.1111111111111111,0.0,0.7146638433033351,0.2853361566966649,0.0,2,Beauty Regulars
C000004,4.0,1514.3200000000002,120.0,378.58,2.25,0.25,0.5,0.4549698874742458,0.0,0.4613159702044482,0.0837141423213059,4,Loyal Shoppers
C000005,0.0,0.0,0.0,0.0,0.0,0.0,0.0,0.0,0.0,0.0,0.0,1,Trend-Driven Newcomers
C000006,4.0,1432.79,294.0,358.1975,5.5,0.5,0.25,0.3001347022243315,0.6998652977756684,0.0,0.0,2,Beauty Regulars
C000007,5.0,2262.21,60.0,452.442,4.2,0.0,0.8,0.2655102753502106,0.0798776417750783,0.06486135239434,0.5897507304803709,3,Ready-to-Wear Focus
C000008,1.0,264.79,337.0,264.79,4.0,0.0,0.0,0.0,0.0,0.0,1.0,3,Ready-to-Wear Focus
C000009,4.0,1636.5,36.0,409.125,3.75,0.0,1.0,0.301344332416743,0.0,0.3451023525817293,0.3535533150015276,3,Ready-to-Wear Focus
C000010,8.0,2779.01,18.0,347.37624999999997,3.125,0.125,0.875,0.5849241276569714,0.1340945156728475,0.2544755146616961,0.026505842008485,0,Accessory Collectors
C000011,3.0,422.64,59.0,140.88,3.3333333333333335,0.0,0.6666666666666666,0.0,0.2379566534166193,0.7620433465833807,0.0,4,Loyal Shoppers
C000012,3.0,2374.56,10.0,791.52,3.3333333333333335,0.0,0.6666666666666666,0.0,0.5272008287851223,0.4727991712148777,0.0,4,Loyal Shoppers
C000013,5.0,1588.37,78.0,317.67400000000004,3.2,0.2,0.8,0.1784281999785944,0.5837116037195363,0.0,0.2378601963018692,2,Beauty Regulars
C000014,7.0,2449.23,106.0,349.89,4.142857142857143,0.1428571428571428,0.5714285714285714,0.1388232219922179,0.2453424137381952,0.1177349616001763,0.4980994026694104,3,Ready-to-Wear Focus
C000015,5.0,1806.82,36.0,361.364,4.0,0.0,1.0,0.1745054847743549,0.704608095991853,0.0,0.1208864192337919,2,Beauty Regulars
C000016,3.0,1021.61,34.0,340.5366666666667,2.3333333333333335,0.0,0.6666666666666666,0.0,0.0,0.0,1.0,3,Ready-to-Wear Focus
C000017,4.0,1156.6,19.0,289.15,4.75,0.0,0.0,0.0,0.4846187100121045,0.3398582050838665,0.175523084904029,2,Beauty Regulars
C000018,3.0,1007.31,26.0,335.77,4.0,0.0,0.3333333333333333,0.0,0.3060527543655876,0.0,0.6939472456344125,3,Ready-to-Wear Focus
C000019,6.0,4165.63,58.0,694.2716666666666,3.6666666666666665,0.0,0.5,0.0,0.6434921008346877,0.0,0.3565078991653123,2,Beauty Regulars
C000020,7.0,1435.13,12.0,205.01857142857145,2.857142857142857,0.1428571428571428,0.5714285714285714,0.1114672538376314,0.7637844655188032,0.1247482806435653,0.0,2,Beauty Regulars
C000021,3.0,968.76,81.0,322.92,3.3333333333333335,0.3333333333333333,1.0,0.4760931500061935,0.0,0.5239068499938065,0.0,0,Accessory Collectors
C000022,3.0,1231.8,264.0,410.6,3.3333333333333335,0.0,0.0,0.0,0.1406478324403312,0.295835362883585,0.5635168046760837,3,Ready-to-Wear Focus
C000023,1.0,92.62,150.0,92.62,4.0,0.0,0.0,1.0,0.0,0.0,0.0,0,Accessory Collectors
C000024,2.0,480.71,238.0,240.355,2.5,0.5,0.5,0.0,0.3944789998127769,0.0,0.6055210001872231,3,Ready-to-Wear Focus
C000025,2.0,442.87,42.0,221.435,4.0,0.0,0.5,0.0,1.0,0.0,0.0,2,Beauty Regulars
C000026,5.0,1392.45,208.0,278.49,3.0,0.4,1.0,0.3628352903156307,0.0,0.1231282990412582,0.514036410643111,3,Ready-to-Wear Focus
C000027,5.0,1041.66,31.0,208.332,3.8,0.0,0.8,0.2442255630436034,0.5831365320738053,0.0,0.1726379048825912,2,Beauty Regulars
C000028,4.0,1243.39,153.0,310.84749999999997,3.75,0.0,0.0,0.31106893251514,0.0,0.3549891827986392,0.3339418846862207,4,Loyal Shoppers
C000029,1.0,360.91,80.0,360.91,4.0,0.0,0.0,1.0,0.0,0.0,0.0,0,Accessory Collectors
C000030,8.0,4836.74,118.0,604.5925,3.375,0.0,0.625,0.2164143617395187,0.0766921521520693,0.2025062335374653,0.5043872525709466,3,Ready-to-Wear Focus
C000031,0.0,0.0,0.0,0.0,0.0,0.0,0.0,0.0,0.0,0.0,0.0,1,Trend-Driven Newcomers
C000032,4.0,3675.6,419.0,918.9,2.5,0.25,1.0,0.7020785722058983,0.0,0.0,0.2979214277941016,0,Accessory Collectors
C000033,4.0,750.99,120.0,187.7475,3.0,0.25,0.75,0.2413880344611779,0.5497143770223305,0.0707066671992969,0.1381909213171946,2,Beauty Regulars
C000034,2.0,699.69,151.0,349.845,2.5,0.0,0.5,0.0,0.1853392216553044,0.8146607783446954,0.0,4,Loyal Shoppers
C000035,3.0,1429.96,15.0,476.65333333333336,4.333333333333333,0.0,1.0,0.9485160424067808,0.0514839575932193,0.0,0.0,0,Accessory Collectors
C000036,0.0,0.0,0.0,0.0,0.0,0.0,0.0,0.0,0.0,0.0,0.0,1,Trend-Driven Newcomers
C000037,2.0,566.39,170.0,283.195,4.0,0.0,1.0,0.0,0.68032627694698,0.0,0.31967372305302,2,Beauty Regulars
C000038,0.0,0.0,0.0,0.0,0.0,0.0,0.0,0.0,0.0,0.0,0.0,1,Trend-Driven Newcomers
C000039,4.0,708.92,46.0,177.23,3.75,0.5,0.5,0.103509563843593,0.2063561473791119,0.6901342887772951,0.0,4,Loyal Shoppers
C000040,2.0,325.52000000000004,446.0,162.76000000000002,3.5,0.0,0.0,0.0,0.1794666994347505,0.8205333005652494,0.0,4,Loyal Shoppers
C000041,5.0,1246.4499999999998,137.0,249.28999999999996,4.8,0.2,0.0,0.2395041919050102,0.2503349512615829,0.1957479241044566,0.3144129327289502,2,Beauty Regulars
C000042,6.0,1648.98,182.0,274.83,3.6666666666666665,0.1666666666666666,0.3333333333333333,0.1178849955730209,0.7606217176678918,0.1214932867590874,0.0,2,Beauty Regulars
C000043,4.0,1173.91,121.0,293.47749999999996,4.0,0.0,0.0,0.0,0.5330391597311549,0.1073591672274706,0.3596016730413746,2,Beauty Regulars
C000044,0.0,0.0,0.0,0.0,0.0,0.0,0.0,0.0,0.0,0.0,0.0,1,Trend-Driven Newcomers
C000045,7.0,3398.9700000000003,26.0,485.56714285714287,3.7142857142857144,0.2857142857142857,0.4285714285714285,0.0,0.3535100339220411,0.0604094769886171,0.5860804890893417,3,Ready-to-Wear Focus
C000046,2.0,468.95,269.0,234.475,4.0,0.5,1.0,0.1838362298752532,0.0,0.0,0.8161637701247468,3,Ready-to-Wear Focus
C000047,5.0,1806.06,227.0,361.212,4.0,0.0,0.6,0.512729366687707,0.1948661727738835,0.0,0.2924044605384095,0,Accessory Collectors
C000048,5.0,2063.1000000000004,36.0,412.62000000000006,3.6,0.0,1.0,0.4339343706073384,0.5202074548010276,0.0,0.0458581745916339,0,Accessory Collectors
C000049,8.0,3405.5699999999997,90.0,425.69625,3.875,0.125,0.5,0.3827817369779509,0.1823982475767639,0.0750153425124135,0.3598046729328717,3,Ready-to-Wear Focus
C000050,6.0,917.93,253.0,152.98833333333332,2.3333333333333335,0.1666666666666666,0.0,0.4176135435163901,0.2993692329480461,0.2830172235355637,0.0,2,Beauty Regulars
C000051,6.0,1619.53,267.0,269.9216666666667,4.666666666666667,0.1666666666666666,0.1666666666666666,0.0754663389995863,0.188344766691571,0.4736188894308842,0.2625700048779584,4,Loyal Shoppers
C000052,0.0,0.0,0.0,0.0,0.0,0.0,0.0,0.0,0.0,0.0,0.0,1,Trend-Driven Newcomers
C000053,0.0,0.0,0.0,0.0,0.0,0.0,0.0,0.0,0.0,0.0,0.0,1,Trend-Driven Newcomers
C000054,5.0,3390.75,55.0,678.15,4.0,0.0,1.0,0.5403524294035243,0.0,0.2846744820467448,0.1749730885497308,0,Accessory Collectors
C000055,0.0,0.0,0.0,0.0,0.0,0.0,0.0,0.0,0.0,0.0,0.0,1,Trend-Driven Newcomers
C000056,3.0,1085.1,21.0,361.7,4.333333333333333,0.0,1.0,0.1056584646576352,0.8943415353423648,0.0,0.0,2,Beauty Regulars
C000057,8.0,2799.56,13.0,349.945,4.125,0.25,0.125,0.0,0.5079762534112503,0.3363278515195244,0.1556958950692251,2,Beauty Regulars
C000058,4.0,1407.17,24.0,351.7925,3.25,0.5,0.5,0.3208993938187994,0.0,0.4202548377239423,0.2588457684572581,4,Loyal Shoppers
C000059,0.0,0.0,0.0,0.0,0.0,0.0,0.0,0.0,0.0,0.0,0.0,1,Trend-Driven Newcomers
C000060,0.0,0.0,0.0,0.0,0.0,0.0,0.0,0.0,0.0,0.0,0.0,1,Trend-Driven Newcomers
C000061,2.0,1669.54,276.0,834.77,3.0,0.0,0.5,0.0,0.6238125471686812,0.3761874528313187,0.0,2,Beauty Regulars
C000062,1.0,82.15,425.0,82.15,8.0,1.0,0.0,0.0,0.0,1.0,0.0,4,Loyal Shoppers
C000063,6.0,1554.32,23.0,259.05333333333334,4.0,0.1666666666666666,0.3333333333333333,0.2816794482474651,0.551804004323434,0.1665165474291008,0.0,2,Beauty Regulars
C000064,6.0,5634.66,25.0,939.11,3.1666666666666665,0.0,0.8333333333333334,0.6013761256224865,0.0210962152108556,0.0,0.3775276591666578,0,Accessory Collectors
C000065,9.0,3411.93,85.0,379.1033333333333,3.2222222222222223,0.3333333333333333,1.0,0.8272092334836881,0.0,0.0,0.1727907665163118,0,Accessory Collectors
C000066,2.0,311.54,214.0,155.77,3.5,0.0,0.0,0.6919175707774282,0.3080824292225717,0.0,0.0,0,Accessory Collectors
C000067,0.0,0.0,0.0,0.0,0.0,0.0,0.0,0.0,0.0,0.0,0.0,1,Trend-Driven Newcomers
C000068,1.0,50.01,329.0,50.01,7.0,0.0,0.0,0.0,1.0,0.0,0.0,2,Beauty Regulars
C000069,3.0,1460.99,79.0,486.9966666666666,4.0,0.0,1.0,0.3364362521304047,0.0,0.0,0.6635637478695953,3,Ready-to-Wear Focus
C000070,0.0,0.0,0.0,0.0,0.0,0.0,0.0,0.0,0.0,0.0,0.0,1,Trend-Driven Newcomers
C000071,4.0,912.72,39.0,228.18,3.5,0.0,0.25,0.0,0.615183188710667,0.384816811289333,0.0,2,Beauty Regulars
C000072,2.0,311.84000000000003,277.0,155.92000000000002,4.5,0.0,0.0,0.0,0.4155015392508978,0.5844984607491021,0.0,4,Loyal Shoppers
C000073,2.0,870.51,297.0,435.255,3.0,0.0,1.0,0.0,0.2902206752363557,0.0,0.7097793247636444,3,Ready-to-Wear Focus
C000074,2.0,176.41,380.0,88.205,3.5,0.0,1.0,0.0,0.2834306445212856,0.7165693554787144,0.0,4,Loyal Shoppers
C000075,4.0,2079.67,5.0,519.9175,4.25,0.25,0.5,0.0663374477681555,0.0,0.1773694865050705,0.7562930657267739,3,Ready-to-Wear Focus
C000076,3.0,1443.84,62.0,481.28,2.6666666666666665,0.0,1.0,0.0,0.2569190492021276,0.6264475288120567,0.1166334219858156,4,Loyal Shoppers
C000077,7.0,2614.5,104.0,373.5,3.857142857142857,0.1428571428571428,0.5714285714285714,0.5230522088353413,0.1369554408108625,0.0547255689424364,0.2852667814113597,0,Accessory Collectors
C000078,5.0,767.86,150.0,153.572,3.6,0.0,0.2,0.2098429401192926,0.4107649832000625,0.1392180866303753,0.2401739900502696,2,Beauty Regulars
C000079,2.0,699.92,0.0,349.96,3.0,0.0,0.0,1.0,0.0,0.0,0.0,0,Accessory Collectors
C000080,4.0,678.07,402.0,169.5175,2.75,0.0,0.0,0.0832214963056911,0.0783252466559499,0.7288922972554457,0.1095609597829132,4,Loyal Shoppers
C000081,9.0,2677.15,123.0,297.4611111111111,4.888888888888889,0.0,0.0,0.0,0.5970042769362943,0.3843191453598042,0.0186765777039015,2,Beauty Regulars
C000082,4.0,1455.85,10.0,363.9625,2.75,0.25,0.5,0.6348250163134939,0.3182333344781399,0.0469416492083662,0.0,0,Accessory Collectors
C000083,1.0,337.62,34.0,337.62,2.0,0.0,1.0,1.0,0.0,0.0,0.0,0,Accessory Collectors
C000084,6.0,1655.8,31.0,275.96666666666664,3.5,0.3333333333333333,0.8333333333333334,0.4848170068848895,0.0,0.107380118371784,0.4078028747433265,3,Ready-to-Wear Focus
C000085,4.0,1187.04,63.0,296.76,3.0,0.5,0.75,0.6886372826526487,0.0,0.0,0.3113627173473514,0,Accessory Collectors
C000086,4.0,1950.18,17.0,487.545,4.0,0.0,0.75,0.2147237690879816,0.0,0.3740423960865151,0.4112338348255033,3,Ready-to-Wear Focus
C000087,10.0,2235.62,3.0,223.562,4.0,0.1,0.0,0.1691208702731233,0.3908490709512349,0.2801907300882976,0.159839328687344,2,Beauty Regulars
C000088,3.0,634.26,195.0,211.42,4.666666666666667,0.0,0.0,0.0,0.7557468546022136,0.0,0.2442531453977864,2,Beauty Regulars
C000089,1.0,234.46,317.0,234.46,4.0,1.0,0.0,1.0,0.0,0.0,0.0,0,Accessory Collectors
C000090,5.0,1576.03,182.0,315.206,4.2,0.0,1.0,0.0,0.2051293439845688,0.2147484502198562,0.5801222057955749,3,Ready-to-Wear Focus
C000091,7.0,1133.33,174.0,161.9042857142857,4.142857142857143,0.2857142857142857,0.0,0.1687063785481722,0.7871758446348373,0.0441177768169906,0.0,2,Beauty Regulars
C000092,6.0,2052.38,34.0,342.06333333333333,3.6666666666666665,0.0,1.0,0.6177559711164599,0.2071692376655395,0.0,0.1750747912180005,0,Accessory Collectors
C000093,9.0,3520.79,22.0,391.19888888888886,4.111111111111111,0.1111111111111111,0.6666666666666666,0.4264781483701101,0.0702853620920304,0.2077715512711635,0.2954649382666958,0,Accessory Collectors
C000094,8.0,2265.15,29.0,283.14375,3.375,0.0,0.0,0.0220735933602631,0.5554819769110213,0.3626249917224025,0.059819438006313,2,Beauty Regulars
C000095,4.0,615.77,82.0,153.9425,3.5,0.5,0.75,0.8105623853062021,0.0,0.189437614693798,0.0,0,Accessory Collectors
C000096,3.0,1010.01,102.0,336.67,4.333333333333333,0.0,0.0,0.7257452896505975,0.0,0.2742547103494024,0.0,0,Accessory Collectors
C000097,4.0,1989.35,98.0,497.3375,3.5,0.0,0.5,0.0,0.0,0.465453540101038,0.534546459898962,3,Ready-to-Wear Focus
C000098,7.0,2078.4300000000003,1.0,296.91857142857145,3.4285714285714284,0.1428571428571428,0.4285714285714285,0.2034083418734333,0.2076086276660748,0.081600053886828,0.5073829765736638,3,Ready-to-Wear Focus
C000099,2.0,262.28,435.0,131.14,4.0,0.5,0.5,0.6628031111788929,0.3371968888211072,0.0,0.0,0,Accessory Collectors
C000100,4.0,923.88,84.0,230.97,3.25,0.0,1.0,0.7540806165302854,0.1917998008399359,0.0,0.0541195826297787,0,Accessory Collectors
C000101,7.0,1287.1,114.0,183.87142857142857,4.142857142857143,0.1428571428571428,0.1428571428571428,0.2400823556833191,0.5022531271851449,0.0847408903737083,0.1729236267578277,2,Beauty Regulars
C000102,4.0,889.9599999999999,7.0,222.49,3.25,0.0,0.75,0.2683154299069621,0.0,0.1168928940626545,0.6147916760303833,3,Ready-to-Wear Focus
C000103,5.0,911.23,40.0,182.246,3.4,0.2,0.6,0.0,0.6071573587348967,0.3928426412651032,0.0,2,Beauty Regulars
C000104,3.0,1825.3,17.0,608.4333333333334,2.6666666666666665,0.0,1.0,0.0,0.0,1.0,0.0,4,Loyal Shoppers
C000105,5.0,652.0799999999999,148.0,130.416,4.0,0.2,0.2,0.3355263157894737,0.5877959759538707,0.0,0.0766777082566556,2,Beauty Regulars
C000106,6.0,790.66,80.0,131.77666666666667,4.0,0.0,0.1666666666666666,0.0849543419421749,0.678483798345686,0.0,0.2365618597121392,2,Beauty Regulars
C000107,5.0,1809.67,119.0,361.934,3.0,0.0,0.8,0.4253372161775351,0.0,0.4370078522603568,0.137654931562108,0,Accessory Collectors
C000108,6.0,2649.99,279.0,441.665,3.0,0.3333333333333333,0.8333333333333334,0.1325891795818097,0.7040705813984204,0.0,0.1633402390197699,2,Beauty Regulars
C000109,4.0,1024.0,12.0,256.0,4.75,0.0,0.0,0.0,0.329384765625,0.12708984375,0.543525390625,3,Ready-to-Wear Focus
C000110,5.0,1048.96,80.0,209.792,2.6,0.2,0.2,0.4544310555216595,0.4979026845637583,0.0,0.047666259914582,2,Beauty Regulars
C000111,6.0,1017.21,170.0,169.535,4.5,0.0,0.3333333333333333,0.5825444106919908,0.1122088850876417,0.3052467042203675,0.0,0,Accessory Collectors
C000112,7.0,3018.66,99.0,431.2371428571428,3.142857142857143,0.0,0.8571428571428571,0.5023851642781897,0.0,0.0,0.4976148357218104,3,Ready-to-Wear Focus
C000113,3.0,768.5699999999999,230.0,256.19,3.0,0.0,0.0,0.1169184329338902,0.0,0.8830815670661097,0.0,4,Loyal Shoppers
C000114,4.0,1156.13,100.0,289.0325,3.75,0.25,0.25,0.1913885116725628,0.0,0.6524179806769136,0.1561935076505237,4,Loyal Shoppers
C000115,7.0,3748.78,23.0,535.54,3.5714285714285716,0.0,0.5714285714285714,0.3714915252428791,0.0770490666296768,0.2137708801263344,0.3376885280011097,3,Ready-to-Wear Focus
C000116,3.0,1051.17,165.0,350.39000000000004,2.6666666666666665,0.0,0.0,0.2690050134611908,0.730994986538809,0.0,0.0,2,Beauty Regulars
C000117,3.0,1239.43,31.0,413.1433333333334,2.6666666666666665,0.0,0.0,0.0,0.4907739848156007,0.5092260151843994,0.0,2,Beauty Regulars
C000118,1.0,483.2,512.0,483.2,4.0,0.0,0.0,0.0,0.0,1.0,0.0,4,Loyal Shoppers
C000119,8.0,3319.05,7.0,414.88125,2.875,0.125,0.625,0.3397719226887211,0.0,0.3293201367861285,0.3309079405251502,3,Ready-to-Wear Focus
C000120,6.0,1002.79,40.0,167.1316666666667,4.333333333333333,0.1666666666666666,0.0,0.2356226129099811,0.2442485465551112,0.3707755362538518,0.1493533042810558,4,Loyal Shoppers
C000121,1.0,306.27,75.0,306.27,2.0,0.0,0.0,0.0,1.0,0.0,0.0,2,Beauty Regulars
C000122,9.0,4732.9,131.0,525.8777777777777,2.888888888888889,0.0,1.0,0.3798347736060344,0.0383253396437702,0.3990724502947453,0.1827674364554501,0,Accessory Collectors
C000123,7.0,3024.92,12.0,432.13142857142856,3.2857142857142856,0.0,0.8571428571428571,0.3093734710339447,0.1736773203919442,0.2070765507848141,0.3098726577892968,3,Ready-to-Wear Focus
C000124,10.0,3171.2,12.0,317.12,4.0,0.0,0.1,0.2607877144298688,0.1662209889001009,0.2824072906155399,0.2905840060544904,3,Ready-to-Wear Focus
C000125,3.0,1116.87,81.0,372.29,2.3333333333333335,0.0,0.6666666666666666,1.0,0.0,0.0,0.0,0,Accessory Collectors
C000126,6.0,4458.87,65.0,743.145,3.5,0.5,1.0,0.6692502809007663,0.044495578476161,0.0,0.2862541406230726,0,Accessory Collectors
C000127,7.0,1636.66,9.0,233.80857142857144,4.857142857142857,0.0,0.0,0.0,0.3480686275707844,0.6519313724292156,0.0,4,Loyal Shoppers
C000128,6.0,993.41,180.0,165.56833333333333,3.5,0.0,0.0,0.2218721373853696,0.6244450931639505,0.0,0.1536827694506799,2,Beauty Regulars
C000129,6.0,1278.0,67.0,213.0,3.5,0.0,1.0,0.7857198748043819,0.2142801251956181,0.0,0.0,0,Accessory Collectors
C000130,7.0,4789.21,158.0,684.1728571428572,3.7142857142857144,0.0,0.8571428571428571,0.8058865658428007,0.1530273260099264,0.0410861081472727,0.0,0,Accessory Collectors
C000131,5.0,1099.11,275.0,219.82200000000003,2.8,0.2,0.8,0.0,0.3139449190708845,0.2485010599485037,0.4375540209806115,3,Ready-to-Wear Focus
C000132,0.0,0.0,0.0,0.0,0.0,0.0,0.0,0.0,0.0,0.0,0.0,1,Trend-Driven Newcomers
C000133,2.0,748.0799999999999,56.0,374.04,3.5,0.0,0.0,0.7306036787509358,0.2693963212490643,0.0,0.0,0,Accessory Collectors
C000134,0.0,0.0,0.0,0.0,0.0,0.0,0.0,0.0,0.0,0.0,0.0,1,Trend-Driven Newcomers
C000135,4.0,1416.79,19.0,354.1975,3.5,0.0,1.0,0.5871018287819648,0.0,0.0,0.4128981712180351,0,Accessory Collectors
C000136,1.0,194.69,450.0,194.69,4.0,0.0,0.0,0.0,1.0,0.0,0.0,2,Beauty Regulars
C000137,8.0,3740.54,75.0,467.5675,4.125,0.25,0.625,0.4571131440914948,0.1422308009004047,0.0,0.4006560550081005,3,Ready-to-Wear Focus
C000138,1.0,50.0,423.0,50.0,3.0,0.0,0.0,1.0,0.0,0.0,0.0,0,Accessory Collectors
C000139,4.0,1202.74,22.0,300.685,4.0,0.0,0.0,0.0,0.535610356352994,0.0,0.4643896436470059,2,Beauty Regulars
C000140,4.0,2295.18,321.0,573.795,2.5,0.0,0.75,0.407854721634033,0.1231363117489695,0.0,0.4690089666169974,3,Ready-to-Wear Focus
C000141,0.0,0.0,0.0,0.0,0.0,0.0,0.0,0.0,0.0,0.0,0.0,1,Trend-Driven Newcomers
C000142,3.0,1423.54,23.0,474.5133333333333,4.0,0.0,1.0,1.0,0.0,0.0,0.0,0,Accessory Collectors
C000143,4.0,1323.92,32.0,330.98,3.25,0.0,0.25,0.2217127923137349,0.1821333615324188,0.5961538461538461,0.0,4,Loyal Shoppers
C000144,3.0,355.18,94.0,118.39333333333332,3.0,0.0,0.0,0.4761247818007771,0.3351258516808378,0.188749366518385,0.0,2,Beauty Regulars
C000145,0.0,0.0,0.0,0.0,0.0,0.0,0.0,0.0,0.0,0.0,0.0,1,Trend-Driven Newcomers
C000146,3.0,428.15,89.0,142.71666666666667,4.333333333333333,0.0,0.0,0.3310755576316712,0.0,0.5437580287282495,0.1251664136400794,4,Loyal Shoppers
C000147,5.0,3317.67,19.0,663.534,2.8,0.4,0.6,0.2354302869182287,0.1331325900406007,0.0,0.6314371230411705,3,Ready-to-Wear Focus
C000148,7.0,3427.1499999999996,40.0,489.5928571428571,3.0,0.0,1.0,0.524427002027924,0.3510467881475861,0.0410078344980523,0.0835183753264374,0,Accessory Collectors
C000149,4.0,987.47,70.0,246.8675,3.0,0.0,1.0,0.2615978206932868,0.0,0.0,0.7384021793067131,3,Ready-to-Wear Focus
C000150,0.0,0.0,0.0,0.0,0.0,0.0,0.0,0.0,0.0,0.0,0.0,1,Trend-Driven Newcomers
C000151,2.0,263.35,26.0,131.675,4.5,0.0,0.0,0.0,1.0,0.0,0.0,2,Beauty Regulars
C000152,4.0,1734.08,127.0,433.52,3.0,0.25,0.5,0.8742503229378115,0.0,0.0,0.1257496770621886,0,Accessory Collectors
C000153,1.0,367.72,123.0,367.72,4.0,0.0,0.0,0.0,0.0,0.0,1.0,3,Ready-to-Wear Focus
C000154,9.0,3644.48,66.0,404.9422222222222,3.3333333333333335,0.0,0.8888888888888888,0.5563509746246379,0.2545246509790149,0.0,0.1891243743963473,0,Accessory Collectors
C000155,3.0,1393.3,9.0,464.43333333333334,2.3333333333333335,0.0,0.6666666666666666,0.9606904471398836,0.0,0.0,0.0393095528601162,0,Accessory Collectors
C000156,13.0,4852.94,26.0,373.3030769230769,3.5384615384615383,0.1538461538461538,0.6923076923076923,0.4387567124258696,0.1119383301668679,0.0729392904095249,0.3763656669977375,3,Ready-to-Wear Focus
C000157,1.0,193.86,357.0,193.86,4.0,0.0,1.0,0.0,1.0,0.0,0.0,2,Beauty Regulars
C000158,0.0,0.0,0.0,0.0,0.0,0.0,0.0,0.0,0.0,0.0,0.0,1,Trend-Driven Newcomers
C000159,12.0,4896.57,0.0,408.0475,3.5833333333333335,0.0833333333333333,0.0,0.1028863061285757,0.1281938173047664,0.6221334526004938,0.1467864239661641,4,Loyal Shoppers
C000160,2.0,370.33,273.0,185.165,4.0,0.0,0.0,0.0,0.7285664137390976,0.2714335862609024,0.0,2,Beauty Regulars
C000161,4.0,2300.1000000000004,14.0,575.0250000000001,3.0,0.0,0.75,0.2061301682535541,0.0,0.674114168949176,0.1197556627972696,4,Loyal Shoppers
C000162,6.0,2753.16,243.0,458.86,3.8333333333333335,0.0,0.6666666666666666,0.1943766435659387,0.6433189498612504,0.0,0.1623044065728109,2,Beauty Regulars
C000163,7.0,3093.67,113.0,441.9528571428572,2.5714285714285716,0.1428571428571428,0.4285714285714285,0.2299178645427598,0.6305617599808642,0.1395203754763759,0.0,2,Beauty Regulars
C000164,5.0,1702.56,227.0,340.512,2.4,0.0,0.8,0.5103197537825392,0.36247768066911,0.0,0.1272025655483507,0,Accessory Collectors
C000165,1.0,119.2,537.0,119.2,6.0,1.0,0.0,0.0,1.0,0.0,0.0,2,Beauty Regulars
C000166,6.0,3021.27,155.0,503.545,3.8333333333333335,0.0,0.3333333333333333,0.3874761275887293,0.238323618875506,0.3742002535357647,0.0,4,Loyal Shoppers
C000167,4.0,1012.28,76.0,253.07,3.25,0.0,0.0,0.0,0.6240862212036196,0.3759137787963805,0.0,2,Beauty Regulars
C000168,6.0,3548.3700000000003,68.0,591.3950000000001,4.0,0.3333333333333333,0.6666666666666666,0.1917274692323518,0.1156587390830155,0.6926137916846327,0.0,4,Loyal Shoppers
C000169,2.0,1607.45,155.0,803.725,2.5,0.0,1.0,0.9251609692369904,0.0,0.0748390307630097,0.0,0,Accessory Collectors
C000170,8.0,3752.8,41.0,469.1,4.625,0.125,0.625,0.0,0.1232759539543807,0.5647356640375186,0.3119883820081006,4,Loyal Shoppers
C000171,1.0,196.46,172.0,196.46,5.0,0.0,0.0,0.0,1.0,0.0,0.0,2,Beauty Regulars
C000172,4.0,654.35,105.0,163.5875,3.5,0.25,0.0,0.0,0.1090089401696339,0.4274012378696416,0.4635898219607244,4,Loyal Shoppers
C000173,7.0,2125.7200000000003,103.0,303.67428571428576,3.857142857142857,0.2857142857142857,0.0,0.135798694089532,0.071942682949777,0.7404926330843197,0.0517659898763713,4,Loyal Shoppers
C000174,7.0,3543.58,40.0,506.2257142857143,3.5714285714285716,0.1428571428571428,0.8571428571428571,0.644444319022006,0.075564824273757,0.0,0.2799908567042369,0,Accessory Collectors
C000175,7.0,1500.46,29.0,214.35142857142856,3.2857142857142856,0.1428571428571428,0.2857142857142857,0.0,0.4731948869013502,0.213461205230396,0.3133439078682537,2,Beauty Regulars
C000176,3.0,2120.5699999999997,269.0,706.8566666666666,3.0,0.0,1.0,0.428134888261175,0.0,0.0,0.5718651117388249,3,Ready-to-Wear Focus
C000177,1.0,148.85,329.0,148.85,2.0,0.0,0.0,0.0,1.0,0.0,0.0,2,Beauty Regulars
C000178,0.0,0.0,0.0,0.0,0.0,0.0,0.0,0.0,0.0,0.0,0.0,1,Trend-Driven Newcomers
C000179,5.0,1799.94,92.0,359.988,3.6,0.0,0.8,0.3711401491160816,0.1198873295776525,0.085125059724213,0.4238474615820527,3,Ready-to-Wear Focus
C000180,3.0,1467.52,207.0,489.17333333333335,3.6666666666666665,0.0,0.3333333333333333,0.0,0.0,1.0,0.0,4,Loyal Shoppers
C000181,4.0,979.82,303.0,244.955,3.0,0.25,1.0,0.0,0.1187565062970749,0.587883488804066,0.293360004898859,4,Loyal Shoppers
C000182,8.0,2617.26,41.0,327.1575,3.25,0.375,0.625,0.0798583251186355,0.6848765502854129,0.0,0.2352651245959514,2,Beauty Regulars
C000183,3.0,695.37,21.0,231.79,3.6666666666666665,0.0,0.0,0.0,0.1357119231488272,0.0,0.8642880768511727,3,Ready-to-Wear Focus
C000184,9.0,2888.56,137.0,320.9511111111111,5.111111111111111,0.0,0.2222222222222222,0.3579326723350043,0.1569744093943003,0.3696409283518432,0.1154519899188523,4,Loyal Shoppers
C000185,6.0,1846.2,54.0,307.7,3.6666666666666665,0.0,1.0,0.2617592893510996,0.088923193586827,0.0,0.6493175170620735,3,Ready-to-Wear Focus
C000186,11.0,4568.38,22.0,415.30727272727273,3.090909090909091,0.1818181818181818,0.2727272727272727,0.6639574641338944,0.0749609270682386,0.1181009460684093,0.1429806627294577,0,Accessory Collectors
C000187,8.0,7136.780000000001,54.0,892.0975000000001,3.25,0.0,1.0,0.6300712646319488,0.0,0.0522672689924587,0.3176614663755923,0,Accessory Collectors
C000188,0.0,0.0,0.0,0.0,0.0,0.0,0.0,0.0,0.0,0.0,0.0,1,Trend-Driven Newcomers
C000189,5.0,1940.12,98.0,388.024,3.4,0.0,1.0,0.4064542399439209,0.0,0.5200399975259261,0.0735057625301527,4,Loyal Shoppers
C000190,4.0,989.97,1.0,247.4925,3.25,0.25,0.0,0.1213875167934381,0.0,0.0,0.8786124832065618,3,Ready-to-Wear Focus
C000191,2.0,279.93,4.0,139.965,4.0,0.0,0.5,0.5217733004679741,0.0,0.0,0.4782266995320258,3,Ready-to-Wear Focus
C000192,1.0,1740.14,193.0,1740.14,2.0,0.0,1.0,0.0,0.0,0.0,1.0,3,Ready-to-Wear Focus
C000193,3.0,1762.25,158.0,587.4166666666666,3.0,0.0,0.3333333333333333,0.9649709178606894,0.0350290821393105,0.0,0.0,0,Accessory Collectors
C000194,4.0,866.18,123.0,216.545,3.5,0.5,1.0,0.5573321942321458,0.0,0.0,0.4426678057678542,0,Accessory Collectors
C000195,4.0,2182.18,197.0,545.545,3.25,0.0,0.25,0.0,0.3800007332117424,0.0725925450696093,0.5474067217186483,3,Ready-to-Wear Focus
C000196,3.0,1211.97,67.0,403.99,3.6666666666666665,0.3333333333333333,0.6666666666666666,0.6919890756371857,0.0,0.3080109243628142,0.0,0,Accessory Collectors
C000197,0.0,0.0,0.0,0.0,0.0,0.0,0.0,0.0,0.0,0.0,0.0,1,Trend-Driven Newcomers
C000198,6.0,1850.54,101.0,308.42333333333335,3.0,0.0,0.8333333333333334,0.2811557707479978,0.1521826061582024,0.1889124255622683,0.3777491975315313,3,Ready-to-Wear Focus
C000199,12.0,4868.7699999999995,24.0,405.7308333333333,3.9166666666666665,0.0833333333333333,0.5,0.5084569614091444,0.1452379142986832,0.1933342507450547,0.1529708735471176,0,Accessory Collectors
C000200,3.0,306.41999999999996,15.0,102.14,3.6666666666666665,0.3333333333333333,0.0,0.1791984857385288,0.8208015142614713,0.0,0.0,2,Beauty Regulars
C000201,2.0,432.02,119.0,216.01,4.5,0.0,0.5,0.0,1.0,0.0,0.0,2,Beauty Regulars
C000202,4.0,669.88,45.0,167.47,4.5,0.0,0.0,0.185122708544814,0.2052755717441929,0.534961485639219,0.074640234071774,4,Loyal Shoppers
C000203,0.0,0.0,0.0,0.0,0.0,0.0,0.0,0.0,0.0,0.0,0.0,1,Trend-Driven Newcomers
C000204,4.0,402.23,194.0,100.5575,3.5,0.0,0.25,0.4104616761554334,0.3118862342440892,0.2776520896004773,0.0,2,Beauty Regulars
C000205,10.0,3935.17,10.0,393.517,3.9,0.2,1.0,0.4230897267462396,0.1453634785790702,0.1929471916079864,0.2385996030667036,0,Accessory Collectors
C000206,3.0,650.6800000000001,85.0,216.89333333333337,4.666666666666667,0.3333333333333333,1.0,0.6198899612712854,0.3801100387287145,0.0,0.0,0,Accessory Collectors
C000207,0.0,0.0,0.0,0.0,0.0,0.0,0.0,0.0,0.0,0.0,0.0,1,Trend-Driven Newcomers
C000208,5.0,2158.84,14.0,431.768,3.4,0.0,0.8,0.3330770228456022,0.6669229771543976,0.0,0.0,2,Beauty Regulars
C000209,10.0,3677.58,39.0,367.758,3.7,0.2,1.0,0.3461678603864497,0.1182190462206124,0.300602570168426,0.2350105232245117,0,Accessory Collectors
C000210,1.0,112.22,239.0,112.22,2.0,1.0,1.0,0.0,1.0,0.0,0.0,2,Beauty Regulars
C000211,3.0,633.71,36.0,211.23666666666668,4.666666666666667,0.0,0.3333333333333333,0.1368449290685013,0.6708746903157595,0.192280380615739,0.0,2,Beauty Regulars
C000212,7.0,2065.58,178.0,295.0828571428571,3.857142857142857,0.0,0.0,0.2340069133124837,0.1934565594167256,0.3207622072250893,0.2517743200457014,2,Beauty Regulars
C000213,7.0,1720.49,21.0,245.78428571428572,4.571428571428571,0.0,0.7142857142857143,0.1904108713215421,0.3165493551255747,0.2277200099971519,0.2653197635557312,3,Ready-to-Wear Focus
C000214,2.0,1201.48,251.0,600.74,2.5,0.0,1.0,0.0,0.0,0.0,1.0,3,Ready-to-Wear Focus
C000215,2.0,1180.52,199.0,590.26,3.5,0.0,0.0,0.0,1.0,0.0,0.0,2,Beauty Regulars
C000216,0.0,0.0,0.0,0.0,0.0,0.0,0.0,0.0,0.0,0.0,0.0,1,Trend-Driven Newcomers
C000217,5.0,2820.02,160.0,564.004,3.8,0.2,0.6,0.0,0.2563563378983127,0.1395344713867277,0.6041091907149594,3,Ready-to-Wear Focus
C000218,6.0,2199.25,159.0,366.5416666666667,4.166666666666667,0.0,0.0,0.0,0.793452313288621,0.1760691144708423,0.0304785722405365,2,Beauty Regulars
C000219,0.0,0.0,0.0,0.0,0.0,0.0,0.0,0.0,0.0,0.0,0.0,1,Trend-Driven Newcomers
C000220,0.0,0.0,0.0,0.0,0.0,0.0,0.0,0.0,0.0,0.0,0.0,1,Trend-Driven Newcomers
C000221,3.0,562.38,36.0,187.46,3.6666666666666665,0.3333333333333333,0.0,0.2249902201358512,0.6183363562004339,0.0,0.1566734236637149,2,Beauty Regulars
C000222,6.0,2769.8100000000004,54.0,461.6350000000001,2.6666666666666665,0.1666666666666666,0.1666666666666666,0.0,0.5061357999285149,0.284582697008098,0.209281503063387,2,Beauty Regulars
C000223,4.0,1386.14,155.0,346.53499999999997,3.5,0.0,0.5,0.6603373396626604,0.2549381736332549,0.0847244867040847,0.0,0,Accessory Collectors
C000224,6.0,1784.24,40.0,297.37333333333333,3.8333333333333335,0.0,0.1666666666666666,0.0,0.3641326278975922,0.2653118414563063,0.3705555306461014,2,Beauty Regulars
C000225,4.0,1633.91,70.0,408.4775,3.5,0.0,0.5,0.0,0.7471586562295354,0.2528413437704647,0.0,2,Beauty Regulars
C000226,8.0,1903.97,85.0,237.99625,3.75,0.125,0.25,0.0,0.7984737154471971,0.0806367747390977,0.120889509813705,2,Beauty Regulars
C000227,1.0,204.15,469.0,204.15,4.0,0.0,1.0,0.0,0.0,0.0,1.0,3,Ready-to-Wear Focus
C000228,5.0,1498.64,10.0,299.728,3.2,0.2,0.2,0.0,0.8781428495168954,0.1218571504831046,0.0,2,Beauty Regulars
C000229,6.0,2939.23,23.0,489.8716666666666,3.3333333333333335,0.0,0.8333333333333334,0.1390772413183044,0.24109715809923,0.0947288915804479,0.5250967090020174,3,Ready-to-Wear Focus
C000230,1.0,453.72,109.0,453.72,3.0,0.0,1.0,0.0,0.0,1.0,0.0,4,Loyal Shoppers
C000231,8.0,2404.91,13.0,300.61375,3.875,0.0,0.25,0.4311263207354953,0.2450154059819286,0.3030674744585037,0.0207907988240724,0,Accessory Collectors
C000232,7.0,2545.99,62.0,363.7128571428571,3.857142857142857,0.1428571428571428,0.1428571428571428,0.2493489762332138,0.0,0.0209545206383371,0.7296965031284491,3,Ready-to-Wear Focus
C000233,3.0,575.71,81.0,191.90333333333336,3.0,0.0,0.0,0.2227684077052682,0.7772315922947316,0.0,0.0,2,Beauty Regulars
C000234,3.0,873.73,77.0,291.24333333333334,4.333333333333333,0.0,0.0,0.0,0.3043388689869868,0.6956611310130131,0.0,4,Loyal Shoppers
C000235,2.0,205.19,292.0,102.595,5.0,0.0,0.0,0.0,0.0,1.0,0.0,4,Loyal Shoppers
C000236,5.0,3285.1,61.0,657.02,4.0,0.4,0.4,0.0,0.4895406532525646,0.3446713950869075,0.1657879516605278,2,Beauty Regulars
C000237,7.0,3970.22,67.0,567.1742857142857,4.0,0.0,0.8571428571428571,0.1164293162595523,0.1357103636574295,0.5788394597780475,0.1690208603049705,4,Loyal Shoppers
C000238,0.0,0.0,0.0,0.0,0.0,0.0,0.0,0.0,0.0,0.0,0.0,1,Trend-Driven Newcomers
C000239,9.0,2467.41,142.0,274.15666666666664,3.6666666666666665,0.1111111111111111,0.4444444444444444,0.1901183832439684,0.2257954697435772,0.3590120814943605,0.2250740655180938,4,Loyal Shoppers
C000240,4.0,1391.7,153.0,347.925,3.5,0.0,0.75,0.0,0.313106272903643,0.0,0.686893727096357,3,Ready-to-Wear Focus
C000241,6.0,1286.43,144.0,214.405,3.8333333333333335,0.0,0.5,0.3237175749943642,0.5337484355930755,0.0,0.1425339894125603,2,Beauty Regulars
C000242,5.0,995.12,64.0,199.024,3.6,0.2,0.0,0.2217119543371653,0.3070684942519495,0.0,0.471219551410885,3,Ready-to-Wear Focus
C000243,1.0,353.39,252.0,353.39,3.0,0.0,1.0,0.0,1.0,0.0,0.0,2,Beauty Regulars
C000244,2.0,367.09,239.0,183.545,4.0,0.0,0.0,0.6371734452041733,0.0,0.0,0.3628265547958266,0,Accessory Collectors
C000245,5.0,1773.7199999999998,19.0,354.74399999999997,3.4,0.0,0.0,0.0,0.2509979027129422,0.5308391403378211,0.2181629569492366,4,Loyal Shoppers
C000246,0.0,0.0,0.0,0.0,0.0,0.0,0.0,0.0,0.0,0.0,0.0,1,Trend-Driven Newcomers
C000247,10.0,4523.8,83.0,452.38,3.5,0.1,0.9,0.2563729607851806,0.1835492285246916,0.2557650647685573,0.3043127459215703,3,Ready-to-Wear Focus
C000248,3.0,1222.45,123.0,407.48333333333335,2.3333333333333335,0.0,1.0,0.7023600147245286,0.0782117878031821,0.0,0.2194281974722892,0,Accessory Collectors
C000249,7.0,2774.59,11.0,396.37,4.142857142857143,0.2857142857142857,1.0,0.7456020529159263,0.0892528265437416,0.1651451205403321,0.0,0,Accessory Collectors
C000250,2.0,848.3,17.0,424.15,2.5,0.0,0.5,0.771837793233526,0.0,0.0,0.2281622067664741,0,Accessory Collectors
C000251,3.0,581.09,331.0,193.6966666666667,3.0,0.0,0.6666666666666666,0.0,0.8545664182828822,0.1454335817171178,0.0,2,Beauty Regulars
C000252,8.0,2290.0299999999997,35.0,286.25374999999997,3.5,0.125,0.125,0.0,0.6504936616550875,0.0570778548752636,0.2924284834696489,2,Beauty Regulars
C000253,1.0,79.49,158.0,79.49,4.0,0.0,1.0,0.0,1.0,0.0,0.0,2,Beauty Regulars
C000254,0.0,0.0,0.0,0.0,0.0,0.0,0.0,0.0,0.0,0.0,0.0,1,Trend-Driven Newcomers
C000255,7.0,1329.77,24.0,189.96714285714285,2.857142857142857,0.2857142857142857,0.5714285714285714,0.3180850823826677,0.2943140543101438,0.0656579709273032,0.3219428923798852,3,Ready-to-Wear Focus
C000256,5.0,2085.76,7.0,417.15199999999993,4.0,0.2,1.0,0.7909922522246087,0.0,0.1772111844123964,0.0317965633629947,0,Accessory Collectors
C000257,4.0,708.12,262.0,177.03,3.75,0.0,0.0,0.7633310738292944,0.0706095012144834,0.1660594249562221,0.0,0,Accessory Collectors
C000258,2.0,526.29,266.0,263.145,5.5,0.5,0.0,0.0,1.0,0.0,0.0,2,Beauty Regulars
C000259,4.0,758.67,115.0,189.6675,3.5,0.25,0.0,0.0,0.8733309607602778,0.1266690392397221,0.0,2,Beauty Regulars
C000260,1.0,196.18,310.0,196.18,3.0,0.0,1.0,1.0,0.0,0.0,0.0,0,Accessory Collectors
C000261,8.0,2027.71,12.0,253.46375,3.625,0.125,0.5,0.7265782582321929,0.0536615196453141,0.0,0.2197602221224928,0,Accessory Collectors
C000262,2.0,1688.97,0.0,844.485,4.0,0.0,0.5,0.920383428953741,0.0,0.0796165710462589,0.0,0,Accessory Collectors
C000263,2.0,132.98000000000002,163.0,66.49000000000001,1.5,0.5,0.5,1.0,0.0,0.0,0.0,0,Accessory Collectors
C000264,7.0,2688.25,22.0,384.0357142857143,3.5714285714285716,0.2857142857142857,0.8571428571428571,0.2267162652283084,0.1718515763042871,0.5363042871756719,0.0651278712917325,4,Loyal Shoppers
C000265,3.0,1111.23,240.0,370.41,3.6666666666666665,0.3333333333333333,0.6666666666666666,0.2766393995842445,0.0,0.0,0.7233606004157556,3,Ready-to-Wear Focus
C000266,6.0,1052.11,30.0,175.3516666666667,3.5,0.3333333333333333,0.1666666666666666,0.5342122021461634,0.3209455285093763,0.0,0.1448422693444601,0,Accessory Collectors
C000267,11.0,1725.08,45.0,156.82545454545453,3.8181818181818183,0.0,0.0,0.1081978806779975,0.3453868806084356,0.2581909244788647,0.2882243142347022,2,Beauty Regulars
C000268,0.0,0.0,0.0,0.0,0.0,0.0,0.0,0.0,0.0,0.0,0.0,1,Trend-Driven Newcomers
C000269,3.0,1089.5700000000002,151.0,363.19000000000005,3.6666666666666665,0.3333333333333333,0.6666666666666666,0.7231751975549987,0.2768248024450012,0.0,0.0,0,Accessory Collectors
C000270,10.0,3181.34,42.0,318.134,3.1,0.0,0.3,0.1576599797569577,0.2166005519686672,0.2678053901814958,0.3579340780928791,3,Ready-to-Wear Focus
C000271,7.0,2264.39,192.0,323.4842857142857,4.571428571428571,0.0,0.0,0.0,0.1374100751195686,0.8053515516320068,0.0572383732484245,4,Loyal Shoppers
C000272,10.0,4118.280000000001,10.0,411.8280000000001,3.0,0.1,0.9,0.5516914828520645,0.0719645094554037,0.2014384646017269,0.1749055430908049,0,Accessory Collectors
C000273,1.0,774.05,503.0,774.05,4.0,0.0,0.0,1.0,0.0,0.0,0.0,0,Accessory Collectors
C000274,1.0,50.0,359.0,50.0,6.0,1.0,0.0,0.0,0.0,1.0,0.0,4,Loyal Shoppers
C000275,3.0,235.96,359.0,78.65333333333334,3.6666666666666665,0.0,0.0,0.5761993558230208,0.2119003220884895,0.0,0.2119003220884895,0,Accessory Collectors
C000276,5.0,1281.59,27.0,256.31800000000004,4.6,0.0,0.0,0.0,0.365764402031851,0.5409608377094078,0.0932747602587411,4,Loyal Shoppers
C000277,4.0,3529.22,10.0,882.305,4.0,0.0,1.0,0.6070491496704654,0.3929508503295346,0.0,0.0,0,Accessory Collectors
C000278,0.0,0.0,0.0,0.0,0.0,0.0,0.0,0.0,0.0,0.0,0.0,1,Trend-Driven Newcomers
C000279,0.0,0.0,0.0,0.0,0.0,0.0,0.0,0.0,0.0,0.0,0.0,1,Trend-Driven Newcomers
C000280,4.0,1010.48,49.0,252.62,3.5,0.0,0.0,0.7014290238302588,0.2985709761697411,0.0,0.0,0,Accessory Collectors
C000281,4.0,1493.4699999999998,5.0,373.3674999999999,5.0,0.0,0.25,0.0,1.0,0.0,0.0,2,Beauty Regulars
C000282,7.0,1330.36,24.0,190.0514285714286,3.7142857142857144,0.2857142857142857,0.7142857142857143,0.3385549776000481,0.2061547250368321,0.3732373192218647,0.082052978141255,0,Accessory Collectors
C000283,6.0,3773.1,123.0,628.85,3.8333333333333335,0.5,0.6666666666666666,0.3695846916328748,0.1188439214439055,0.0363891760091171,0.4751822109141024,3,Ready-to-Wear Focus
C000284,6.0,1354.13,40.0,225.6883333333333,3.8333333333333335,0.1666666666666666,0.6666666666666666,0.1803298058532046,0.1010168890726887,0.1613065215304291,0.5573467835436774,3,Ready-to-Wear Focus
C000285,5.0,2574.14,9.0,514.828,3.0,0.0,0.0,0.5341822900075365,0.0850963817041808,0.1197176532744916,0.261003675013791,0,Accessory Collectors
C000286,1.0,258.67,522.0,258.67,3.0,0.0,0.0,0.0,0.0,1.0,0.0,4,Loyal Shoppers
C000287,1.0,648.66,489.0,648.66,4.0,0.0,0.0,0.0,0.0,0.0,1.0,3,Ready-to-Wear Focus
C000288,9.0,3711.51,161.0,412.39,3.111111111111111,0.1111111111111111,1.0,0.122984984548068,0.2952760466764201,0.1234295475426443,0.4583094212328674,3,Ready-to-Wear Focus
C000289,0.0,0.0,0.0,0.0,0.0,0.0,0.0,0.0,0.0,0.0,0.0,1,Trend-Driven Newcomers
C000290,3.0,971.94,31.0,323.97999999999996,4.333333333333333,0.0,0.3333333333333333,0.0,0.0983702697697388,0.9016297302302612,0.0,4,Loyal Shoppers
C000291,3.0,1703.74,334.0,567.9133333333333,3.6666666666666665,0.0,0.6666666666666666,0.5532945167689906,0.4467054832310094,0.0,0.0,0,Accessory Collectors
C000292,1.0,119.65,140.0,119.65,2.0,0.0,0.0,0.0,1.0,0.0,0.0,2,Beauty Regulars
C000293,3.0,383.72,64.0,127.90666666666664,2.3333333333333335,0.0,0.0,0.1950119879078494,0.3015740644219743,0.0,0.5034139476701761,3,Ready-to-Wear Focus
C000294,7.0,2207.38,142.0,315.34000000000003,3.142857142857143,0.0,0.0,0.1029365129701274,0.5871077929491071,0.0659378992289501,0.2440177948518152,2,Beauty Regulars
C000295,5.0,845.24,298.0,169.048,3.8,0.0,0.0,0.0,0.1350030760494061,0.5310326061237045,0.3339643178268893,4,Loyal Shoppers
C000296,4.0,2630.33,258.0,657.5825,2.75,0.25,1.0,0.8379709009896097,0.0,0.0,0.1620290990103903,0,Accessory Collectors
C000297,6.0,3056.01,125.0,509.335,3.5,0.1666666666666666,1.0,0.6313264681725518,0.0330627190356052,0.1203660982784742,0.2152447145133687,0,Accessory Collectors
C000298,2.0,889.98,55.0,444.99,4.5,0.5,1.0,0.0,0.0,0.3132879390548102,0.6867120609451898,3,Ready-to-Wear Focus
C000299,0.0,0.0,0.0,0.0,0.0,0.0,0.0,0.0,0.0,0.0,0.0,1,Trend-Driven Newcomers
C000300,6.0,2418.41,61.0,403.0683333333333,4.0,0.3333333333333333,1.0,0.3185564068954395,0.2622590875823372,0.0,0.4191845055222233,3,Ready-to-Wear Focus
C000301,3.0,1511.47,242.0,503.8233333333333,3.0,0.0,0.3333333333333333,0.0,0.4534195187466506,0.0330803787041754,0.513500102549174,3,Ready-to-Wear Focus
C000302,3.0,680.47,164.0,226.82333333333335,4.0,0.3333333333333333,1.0,0.1613590606492571,0.0,0.0,0.8386409393507429,3,Ready-to-Wear Focus
C000303,4.0,864.6800000000001,225.0,216.17,3.5,0.0,0.5,0.1158925845399454,0.700004625988805,0.1841027894712494,0.0,2,Beauty Regulars
C000304,8.0,1311.5,83.0,163.9375,3.5,0.125,0.125,0.0,0.6314601601219977,0.0608616088448341,0.3076782310331681,2,Beauty Regulars
C000305,0.0,0.0,0.0,0.0,0.0,0.0,0.0,0.0,0.0,0.0,0.0,1,Trend-Driven Newcomers
C000306,1.0,294.89,223.0,294.89,2.0,0.0,0.0,0.0,0.0,1.0,0.0,4,Loyal Shoppers
C000307,0.0,0.0,0.0,0.0,0.0,0.0,0.0,0.0,0.0,0.0,0.0,1,Trend-Driven Newcomers
C000308,6.0,1510.01,20.0,251.66833333333332,3.3333333333333335,0.0,0.1666666666666666,0.1849060602247667,0.3968053191700717,0.1658796961609525,0.2524089244442089,2,Beauty Regulars
C000309,4.0,2243.47,234.0,560.8675,3.5,0.25,0.75,0.6414393773930563,0.2425305442016162,0.1160300784053274,0.0,0,Accessory Collectors
C000310,0.0,0.0,0.0,0.0,0.0,0.0,0.0,0.0,0.0,0.0,0.0,1,Trend-Driven Newcomers
C000311,8.0,3284.25,37.0,410.53125,3.25,0.25,0.625,0.3164497221587882,0.3221983710131689,0.220567861764482,0.1407840450635609,0,Accessory Collectors
C000312,0.0,0.0,0.0,0.0,0.0,0.0,0.0,0.0,0.0,0.0,0.0,1,Trend-Driven Newcomers
C000313,9.0,4334.65,53.0,481.62777777777774,3.2222222222222223,0.0,1.0,0.2983078218541289,0.0880924642127969,0.3891917455849953,0.2244079683480788,3,Ready-to-Wear Focus
C000314,0.0,0.0,0.0,0.0,0.0,0.0,0.0,0.0,0.0,0.0,0.0,1,Trend-Driven Newcomers
C000315,3.0,1490.97,21.0,496.99,4.333333333333333,0.0,0.6666666666666666,0.0836569481612641,0.0,0.916343051838736,0.0,4,Loyal Shoppers
C000316,2.0,642.14,251.0,321.07,3.5,0.0,0.0,0.0,0.0,0.0,1.0,3,Ready-to-Wear Focus
C000317,11.0,2917.0299999999997,0.0,265.18454545454546,3.8181818181818183,0.0909090909090909,0.9090909090909092,0.2086060136508709,0.1875880604587543,0.1739269051055354,0.4298790207848393,3,Ready-to-Wear Focus
C000318,0.0,0.0,0.0,0.0,0.0,0.0,0.0,0.0,0.0,0.0,0.0,1,Trend-Driven Newcomers
C000319,8.0,3169.57,16.0,396.19625,3.75,0.0,0.625,0.0730351435683704,0.5841391734525503,0.0959530788087974,0.2468726041702817,2,Beauty Regulars
C000320,4.0,2455.7200000000003,79.0,613.9300000000001,2.75,0.0,0.5,0.2415503396152656,0.0,0.0,0.7584496603847345,3,Ready-to-Wear Focus
C000321,9.0,3875.63,103.0,430.6255555555556,4.444444444444445,0.2222222222222222,0.2222222222222222,0.0204482884073041,0.2104148228804091,0.2334613985339157,0.535675490178371,3,Ready-to-Wear Focus
C000322,8.0,3434.48,12.0,429.31,3.375,0.25,0.875,0.7913832661712981,0.153941790314691,0.0295910880249702,0.0250838554890405,0,Accessory Collectors
C000323,10.0,5831.16,38.0,583.116,4.1,0.1,0.8,0.1663305414360093,0.5495476028783295,0.1928038331995692,0.0913180224860919,2,Beauty Regulars
C000324,0.0,0.0,0.0,0.0,0.0,0.0,0.0,0.0,0.0,0.0,0.0,1,Trend-Driven Newcomers
C000325,1.0,178.6,532.0,178.6,3.0,0.0,1.0,0.0,0.0,0.0,1.0,3,Ready-to-Wear Focus
C000326,3.0,384.31,251.0,128.10333333333332,3.0,0.0,0.3333333333333333,0.0,0.7156982644219511,0.284301735578049,0.0,2,Beauty Regulars
C000327,2.0,356.96999999999997,263.0,178.485,2.5,1.0,0.5,0.2411126985460963,0.0,0.7588873014539037,0.0,4,Loyal Shoppers
C000328,3.0,1142.5,100.0,380.8333333333333,3.3333333333333335,0.0,1.0,0.8721050328227571,0.0,0.1278949671772428,0.0,0,Accessory Collectors
C000329,6.0,810.71,321.0,135.11833333333334,4.166666666666667,0.0,0.1666666666666666,0.0,0.7561520149005192,0.0784127493184985,0.1654352357809821,2,Beauty Regulars
C000330,6.0,2283.29,219.0,380.54833333333335,2.8333333333333335,0.1666666666666666,0.6666666666666666,0.2833805605069877,0.1196957022542033,0.5133776261447298,0.0835461110940791,4,Loyal Shoppers
C000331,4.0,1950.45,84.0,487.6125,3.0,0.25,0.5,0.6153451767540825,0.0,0.3471660386064754,0.0374887846394421,0,Accessory Collectors
C000332,0.0,0.0,0.0,0.0,0.0,0.0,0.0,0.0,0.0,0.0,0.0,1,Trend-Driven Newcomers
C000333,7.0,1782.44,39.0,254.6342857142857,3.2857142857142856,0.1428571428571428,0.0,0.0,0.080760081685779,0.5533762707300105,0.3658636475842104,4,Loyal Shoppers
C000334,4.0,1662.35,141.0,415.5875,3.25,0.75,0.0,0.3189220080007218,0.3448972839654706,0.0,0.3361807080338076,2,Beauty Regulars
C000335,2.0,136.65,166.0,68.325,3.5,0.5,0.0,0.0,0.0,1.0,0.0,4,Loyal Shoppers
C000336,10.0,5046.04,81.0,504.604,3.1,0.2,0.7,0.8838098786375059,0.1058869925723934,0.0,0.0103031287901007,0,Accessory Collectors
C000337,4.0,1661.33,32.0,415.3325,3.5,0.0,0.5,0.4033093966881956,0.0,0.0817838719580095,0.5149067313537948,3,Ready-to-Wear Focus
C000338,3.0,827.53,407.0,275.8433333333333,5.666666666666667,0.0,0.3333333333333333,0.0,0.4565393399635058,0.5434606600364942,0.0,4,Loyal Shoppers
C000339,2.0,922.11,188.0,461.055,4.5,0.5,1.0,0.0,0.348526748435653,0.0,0.651473251564347,3,Ready-to-Wear Focus
C000340,7.0,3458.96,245.0,494.13714285714286,3.857142857142857,0.1428571428571428,0.8571428571428571,0.4779644748710595,0.0504284524828272,0.0496652172907463,0.4219418553553669,3,Ready-to-Wear Focus
C000341,7.0,1202.1,40.0,171.72857142857143,3.7142857142857144,0.0,0.1428571428571428,0.0831877547624989,0.4299559104899759,0.2325097745611846,0.2543465601863406,2,Beauty Regulars
C000342,3.0,617.71,39.0,205.90333333333336,2.6666666666666665,0.0,0.0,0.0,0.3213643942950575,0.6786356057049424,0.0,4,Loyal Shoppers
C000343,7.0,3633.05,48.0,519.0071428571429,3.4285714285714284,0.2857142857142857,0.2857142857142857,0.188299087543524,0.0,0.4592036993710519,0.3524972130854241,4,Loyal Shoppers
C000344,2.0,345.51,294.0,172.755,5.0,0.0,0.0,0.4882637260860756,0.5117362739139244,0.0,0.0,2,Beauty Regulars
C000345,2.0,274.11,205.0,137.055,3.0,0.5,1.0,0.0,0.533763817445551,0.0,0.4662361825544489,3,Ready-to-Wear Focus
C000346,2.0,1067.75,21.0,533.875,2.5,0.5,0.0,0.0,0.1787497073284945,0.8212502926715055,0.0,4,Loyal Shoppers
C000347,1.0,73.66,264.0,73.66,5.0,0.0,0.0,0.0,0.0,1.0,0.0,4,Loyal Shoppers
C000348,3.0,1084.68,208.0,361.56,5.333333333333333,0.0,0.0,0.2910535826234466,0.1708614522255412,0.5380849651510123,0.0,4,Loyal Shoppers
C000349,4.0,344.47,70.0,86.1175,3.75,0.5,0.25,0.5093331785061108,0.0,0.4906668214938891,0.0,4,Loyal Shoppers
C000350,6.0,2982.51,18.0,497.085,3.8333333333333335,0.0,0.5,0.0,0.0,0.3733533165018725,0.6266466834981274,3,Ready-to-Wear Focus
C000351,4.0,668.88,88.0,167.22,5.25,0.25,0.0,0.0,0.2322539169955746,0.5212893194593948,0.2464567635450305,4,Loyal Shoppers
C000352,4.0,464.9,68.0,116.225,2.75,0.25,0.25,0.5132931813293181,0.4867068186706819,0.0,0.0,2,Beauty Regulars
C000353,4.0,1207.93,42.0,301.9825,3.75,0.5,1.0,0.0,0.0,0.1518382687738527,0.8481617312261471,3,Ready-to-Wear Focus
C000354,6.0,826.95,7.0,137.82500000000002,4.5,0.1666666666666666,0.0,0.0708990870064695,0.4097950299292581,0.3938932220811415,0.1254126609831307,2,Beauty Regulars
C000355,4.0,350.8,56.0,87.7,3.5,0.0,0.0,0.0,0.1425313568985177,0.4130273660205245,0.4444412770809579,4,Loyal Shoppers
C000356,3.0,1147.66,76.0,382.5533333333333,4.0,0.0,0.6666666666666666,0.4500548943066762,0.0,0.5499451056933239,0.0,4,Loyal Shoppers
C000357,3.0,1318.11,23.0,439.37000000000006,2.6666666666666665,0.3333333333333333,0.3333333333333333,0.8973302683387578,0.1026697316612422,0.0,0.0,0,Accessory Collectors
C000358,8.0,1190.95,41.0,148.86875,3.25,0.125,0.125,0.1405012804903648,0.4125865905369663,0.4469121289726688,0.0,2,Beauty Regulars
C000359,8.0,2396.81,4.0,299.60125,4.0,0.25,0.75,0.0,0.2150525072909408,0.4220735060351049,0.3628739866739541,3,Ready-to-Wear Focus
C000360,2.0,1294.56,521.0,647.28,2.5,0.0,1.0,0.3011138919787418,0.0,0.6988861080212582,0.0,4,Loyal Shoppers
C000361,6.0,2680.91,127.0,446.8183333333333,3.5,0.0,1.0,0.5304318309827634,0.0,0.4145905681279864,0.0549776008892502,0,Accessory Collectors
C000362,9.0,3710.03,109.0,412.2255555555555,3.5555555555555554,0.1111111111111111,1.0,0.0973307493470403,0.2934747158378773,0.4829394910553284,0.126255043759754,4,Loyal Shoppers
C000363,6.0,815.45,150.0,135.90833333333333,4.666666666666667,0.0,0.0,0.0,0.7399595315469986,0.2600404684530014,0.0,2,Beauty Regulars
C000364,6.0,3785.77,14.0,630.9616666666667,3.6666666666666665,0.1666666666666666,0.3333333333333333,0.3752816467984056,0.0,0.2533460828312338,0.3713722703703606,3,Ready-to-Wear Focus
C000365,1.0,205.59,66.0,205.59,5.0,0.0,1.0,0.0,0.0,1.0,0.0,4,Loyal Shoppers
C000366,7.0,1208.75,136.0,172.67857142857142,3.4285714285714284,0.1428571428571428,0.0,0.0,0.549005170630817,0.2574725956566701,0.1935222337125129,2,Beauty Regulars
C000367,6.0,2107.96,3.0,351.32666666666665,3.0,0.0,0.3333333333333333,0.3663020171160743,0.6336979828839256,0.0,0.0,2,Beauty Regulars
C000368,1.0,296.06,429.0,296.06,6.0,0.0,1.0,0.0,0.0,1.0,0.0,4,Loyal Shoppers
C000369,4.0,1842.9,198.0,460.725,4.0,0.25,1.0,0.4558033534103858,0.0631721742905203,0.4810244722990938,0.0,0,Accessory Collectors
C000370,2.0,3705.18,200.0,1852.59,2.5,0.0,1.0,0.0583318489250184,0.0,0.0,0.9416681510749816,3,Ready-to-Wear Focus
C000371,4.0,1230.9299999999998,16.0,307.73249999999996,4.25,0.0,0.5,0.0,0.1311122484625445,0.0,0.8688877515374555,3,Ready-to-Wear Focus
C000372,3.0,1319.81,74.0,439.93666666666667,2.3333333333333335,0.3333333333333333,0.6666666666666666,0.819534629984619,0.180465370015381,0.0,0.0,0,Accessory Collectors
C000373,3.0,497.7600000000001,123.0,165.92000000000002,4.666666666666667,0.3333333333333333,0.0,0.0,0.2083735133397621,0.2659112825458052,0.5257152041144327,3,Ready-to-Wear Focus
C000374,2.0,840.38,242.0,420.19,3.5,0.0,0.5,1.0,0.0,0.0,0.0,0,Accessory Collectors
C000375,4.0,1811.75,6.0,452.9375,3.0,0.25,0.75,0.8808776045260108,0.0,0.1191223954739892,0.0,0,Accessory Collectors
C000376,10.0,3760.61,21.0,376.061,4.1,0.3,0.2,0.0,0.6598956020432856,0.3401043979567144,0.0,2,Beauty Regulars
C000377,3.0,705.94,64.0,235.31333333333336,3.6666666666666665,0.0,0.6666666666666666,0.0,0.5599484375442672,0.2206703119245261,0.2193812505312066,2,Beauty Regulars
C000378,0.0,0.0,0.0,0.0,0.0,0.0,0.0,0.0,0.0,0.0,0.0,1,Trend-Driven Newcomers
C000379,4.0,1620.1,74.0,405.025,3.5,0.5,0.75,0.9209061169063636,0.0790938830936361,0.0,0.0,0,Accessory Collectors
C000380,3.0,696.45,234.0,232.15,3.0,0.0,0.6666666666666666,0.1963960083279488,0.0,0.26281857994113,0.5407854117309211,3,Ready-to-Wear Focus
C000381,5.0,1186.87,20.0,237.37399999999997,3.6,0.0,0.0,0.0,0.4194562167718453,0.5384161702629606,0.0421276129651941,4,Loyal Shoppers
C000382,2.0,996.49,55.0,498.245,2.0,0.0,0.5,0.0,0.4765828056478239,0.5234171943521762,0.0,4,Loyal Shoppers
C000383,4.0,1328.28,51.0,332.07,3.5,0.25,1.0,0.8797542686782907,0.0,0.0,0.1202457313217092,0,Accessory Collectors
C000384,0.0,0.0,0.0,0.0,0.0,0.0,0.0,0.0,0.0,0.0,0.0,1,Trend-Driven Newcomers
C000385,0.0,0.0,0.0,0.0,0.0,0.0,0.0,0.0,0.0,0.0,0.0,1,Trend-Driven Newcomers
C000386,1.0,246.41,75.0,246.41,3.0,0.0,0.0,1.0,0.0,0.0,0.0,0,Accessory Collectors
C000387,7.0,910.43,73.0,130.06142857142856,3.4285714285714284,0.1428571428571428,0.0,0.3994156607317422,0.1935568906999989,0.1350350933075579,0.271992355260701,2,Beauty Regulars
C000388,0.0,0.0,0.0,0.0,0.0,0.0,0.0,0.0,0.0,0.0,0.0,1,Trend-Driven Newcomers
C000389,1.0,208.23,168.0,208.23,4.0,0.0,0.0,0.0,0.0,0.0,1.0,3,Ready-to-Wear Focus
C000390,1.0,288.8,345.0,288.8,4.0,1.0,0.0,0.0,0.0,1.0,0.0,4,Loyal Shoppers
C000391,6.0,2564.01,26.0,427.335,4.333333333333333,0.5,0.6666666666666666,0.1996014056107425,0.210662204905597,0.0,0.5897363894836603,3,Ready-to-Wear Focus
C000392,4.0,1070.37,151.0,267.5925,3.5,0.0,0.0,0.0,0.2343955828358418,0.7656044171641582,0.0,4,Loyal Shoppers
C000393,5.0,1193.26,78.0,238.652,5.0,0.0,0.4,0.3269614333841744,0.1855002262708881,0.4875383403449373,0.0,4,Loyal Shoppers
C000394,4.0,1201.44,50.0,300.36,4.0,0.25,1.0,0.7943301371687308,0.0,0.0,0.2056698628312691,0,Accessory Collectors
C000395,5.0,1136.01,40.0,227.202,3.6,0.0,0.2,0.0,1.0,0.0,0.0,2,Beauty Regulars
C000396,6.0,2355.1,17.0,392.51666666666665,4.166666666666667,0.0,0.1666666666666666,0.9126746210352004,0.0873253789647998,0.0,0.0,0,Accessory Collectors
C000397,0.0,0.0,0.0,0.0,0.0,0.0,0.0,0.0,0.0,0.0,0.0,1,Trend-Driven Newcomers
C000398,3.0,1080.63,5.0,360.21,5.666666666666667,0.0,0.3333333333333333,0.0,0.2710918630798701,0.2344650805548615,0.4944430563652684,3,Ready-to-Wear Focus
C000399,4.0,701.25,144.0,175.3125,3.75,0.0,0.25,0.3305383244206774,0.0,0.4795151515151515,0.1899465240641711,4,Loyal Shoppers
C000400,2.0,821.6500000000001,248.0,410.8250000000001,4.5,0.0,0.5,0.0,0.0,0.4629221688066695,0.5370778311933304,3,Ready-to-Wear Focus
C000401,0.0,0.0,0.0,0.0,0.0,0.0,0.0,0.0,0.0,0.0,0.0,1,Trend-Driven Newcomers
C000402,1.0,398.32,133.0,398.32,4.0,0.0,0.0,0.0,0.0,1.0,0.0,4,Loyal Shoppers
C000403,5.0,1624.01,257.0,324.802,3.6,0.2,0.0,0.0691744508962383,0.1282196538198656,0.0406647742316857,0.7619411210522102,3,Ready-to-Wear Focus
C000404,0.0,0.0,0.0,0.0,0.0,0.0,0.0,0.0,0.0,0.0,0.0,1,Trend-Driven Newcomers
C000405,6.0,1329.52,23.0,221.58666666666667,3.5,0.0,0.0,0.0,0.3877414405198868,0.2597478789337505,0.3525106805463626,2,Beauty Regulars
C000406,1.0,223.34,517.0,223.34,3.0,0.0,1.0,0.0,0.0,1.0,0.0,4,Loyal Shoppers
C000407,4.0,1949.14,231.0,487.285,3.75,0.0,0.25,0.0,0.7086202119909294,0.058533507085176,0.2328462809238946,2,Beauty Regulars
C000408,2.0,1365.67,58.0,682.835,4.0,0.5,1.0,1.0,0.0,0.0,0.0,0,Accessory Collectors
C000409,10.0,6198.5,92.0,619.85,3.4,0.1,0.9,0.4068694038880374,0.0874872953133822,0.1923804146164394,0.3132628861821408,3,Ready-to-Wear Focus
C000410,6.0,2190.72,85.0,365.11999999999995,4.833333333333333,0.1666666666666666,0.1666666666666666,0.0,0.1943424992696464,0.4219982471516213,0.383659253578732,4,Loyal Shoppers
C000411,0.0,0.0,0.0,0.0,0.0,0.0,0.0,0.0,0.0,0.0,0.0,1,Trend-Driven Newcomers
C000412,5.0,1803.51,30.0,360.702,3.2,0.2,1.0,0.3810624837123165,0.0,0.1500684775798304,0.468869038707853,3,Ready-to-Wear Focus
C000413,3.0,1149.37,3.0,383.1233333333333,4.0,0.0,0.6666666666666666,0.7952530516717855,0.0,0.2047469483282146,0.0,0,Accessory Collectors
C000414,1.0,285.43,401.0,285.43,3.0,0.0,0.0,0.0,0.0,0.0,1.0,3,Ready-to-Wear Focus
C000415,11.0,2311.15,27.0,210.10454545454547,3.8181818181818183,0.0909090909090909,0.1818181818181818,0.1742076455444259,0.3551695043593016,0.1536594336152997,0.3169634164809727,2,Beauty Regulars
C000416,5.0,1820.34,43.0,364.068,3.8,0.0,0.8,0.4045233308063328,0.0,0.0,0.5954766691936672,3,Ready-to-Wear Focus
C000417,8.0,6456.04,27.0,807.005,3.25,0.0,0.875,0.1171770930787294,0.1409966481000737,0.6198768904777542,0.1219493683434427,4,Loyal Shoppers
C000418,7.0,4261.13,5.0,608.7328571428571,4.142857142857143,0.0,0.4285714285714285,0.1692344518942158,0.0,0.6226376571472825,0.2081278909585016,4,Loyal Shoppers
C000419,5.0,1937.23,18.0,387.446,3.4,0.0,1.0,0.4662740097974944,0.0,0.2492940951771343,0.2844318950253712,0,Accessory Collectors
C000420,0.0,0.0,0.0,0.0,0.0,0.0,0.0,0.0,0.0,0.0,0.0,1,Trend-Driven Newcomers
C000421,8.0,2286.47,66.0,285.80875,4.5,0.125,0.0,0.3227376698579032,0.4379283349442591,0.2393339951978377,0.0,2,Beauty Regulars
C000422,2.0,320.34,150.0,160.17,4.0,0.0,1.0,0.2866641693200974,0.0,0.0,0.7133358306799026,3,Ready-to-Wear Focus
C000423,8.0,1555.86,21.0,194.4825,3.0,0.0,0.0,0.209041944647976,0.2194156286555345,0.3620569974162199,0.2094854292802694,2,Beauty Regulars
C000424,1.0,323.84,31.0,323.84,4.0,0.0,0.0,0.0,1.0,0.0,0.0,2,Beauty Regulars
C000425,0.0,0.0,0.0,0.0,0.0,0.0,0.0,0.0,0.0,0.0,0.0,1,Trend-Driven Newcomers
C000426,3.0,850.42,221.0,283.4733333333333,3.3333333333333335,0.0,0.3333333333333333,0.3230991745255285,0.0,0.264316455398509,0.4125843700759625,3,Ready-to-Wear Focus
C000427,3.0,691.7,3.0,230.5666666666667,4.333333333333333,0.0,0.0,0.0,0.5888680063611392,0.0,0.4111319936388607,2,Beauty Regulars
C000428,3.0,1197.01,120.0,399.0033333333334,3.6666666666666665,0.0,0.0,0.0,0.1866400447782391,0.0,0.813359955221761,3,Ready-to-Wear Focus
C000429,5.0,2602.84,74.0,520.568,3.6,0.0,0.8,0.0,0.3713174839790382,0.0896059688647784,0.5390765471561833,3,Ready-to-Wear Focus
C000430,3.0,675.03,123.0,225.01,3.6666666666666665,0.0,0.6666666666666666,0.1416233352591736,0.4499355584196258,0.0,0.4084411063212005,3,Ready-to-Wear Focus
C000431,5.0,1325.17,6.0,265.034,3.8,0.0,0.0,0.6021567044228288,0.3601122874800969,0.0377310080970743,0.0,0,Accessory Collectors
C000432,0.0,0.0,0.0,0.0,0.0,0.0,0.0,0.0,0.0,0.0,0.0,1,Trend-Driven Newcomers
C000433,4.0,1471.29,26.0,367.8225,2.75,0.5,0.75,0.1858912926751354,0.0,0.2610974043186591,0.5530113030062055,3,Ready-to-Wear Focus
C000434,5.0,1640.96,82.0,328.192,4.0,0.4,0.2,0.2699578295631825,0.7300421704368175,0.0,0.0,2,Beauty Regulars
C000435,1.0,83.21,51.0,83.21,4.0,0.0,1.0,0.0,0.0,0.0,1.0,3,Ready-to-Wear Focus
C000436,10.0,6545.46,68.0,654.546,3.9,0.2,0.2,0.2208462048503848,0.25760145199879,0.5045940239494245,0.0169583192014006,4,Loyal Shoppers
C000437,7.0,2391.9300000000003,81.0,341.70428571428573,3.2857142857142856,0.2857142857142857,0.7142857142857143,0.3505830020109284,0.0,0.1725175903977122,0.4768994075913592,3,Ready-to-Wear Focus
C000438,8.0,3083.0299999999997,144.0,385.37875,4.25,0.25,0.5,0.2811714449745867,0.2378504263662695,0.3293480764053545,0.1516300522537893,4,Loyal Shoppers
C000439,6.0,1536.16,44.0,256.02666666666664,3.5,0.0,0.1666666666666666,0.5546557650244766,0.067011248828247,0.0,0.3783329861472763,0,Accessory Collectors
C000440,0.0,0.0,0.0,0.0,0.0,0.0,0.0,0.0,0.0,0.0,0.0,1,Trend-Driven Newcomers
C000441,3.0,289.36,94.0,96.45333333333332,4.0,0.6666666666666666,0.0,0.0,0.0,0.827204865910976,0.172795134089024,4,Loyal Shoppers
C000442,3.0,2891.1800000000003,348.0,963.7266666666668,3.0,0.0,0.6666666666666666,0.0791925788086525,0.0338270187259181,0.0,0.8869804024654293,3,Ready-to-Wear Focus
C000443,1.0,479.9,237.0,479.9,6.0,0.0,0.0,0.0,0.0,1.0,0.0,4,Loyal Shoppers
C000444,1.0,124.38,117.0,124.38,4.0,0.0,1.0,1.0,0.0,0.0,0.0,0,Accessory Collectors
C000445,3.0,1843.63,326.0,614.5433333333334,3.6666666666666665,0.0,0.6666666666666666,0.0,0.0,0.2823234596963598,0.7176765403036401,3,Ready-to-Wear Focus
C000446,2.0,354.13,121.0,177.065,4.5,0.0,0.0,0.0,0.0,0.7119701804422105,0.2880298195577895,4,Loyal Shoppers
C000447,7.0,1549.38,15.0,221.34,4.0,0.4285714285714285,0.1428571428571428,0.0,0.259703881552621,0.6337760910815939,0.106520027365785,4,Loyal Shoppers
C000448,2.0,551.05,414.0,275.525,3.0,0.0,0.0,1.0,0.0,0.0,0.0,0,Accessory Collectors
C000449,6.0,3115.86,40.0,519.3100000000001,4.166666666666667,0.0,0.1666666666666666,0.2784656563516974,0.3367994710930529,0.1524073610495978,0.2323275115056517,2,Beauty Regulars
C000450,5.0,2267.5299999999997,133.0,453.506,3.8,0.0,0.8,0.1024947850745083,0.074667148835958,0.1600287537540848,0.6628093123354487,3,Ready-to-Wear Focus
C000451,6.0,1439.78,36.0,239.96333333333337,3.3333333333333335,0.1666666666666666,1.0,0.1819861367708955,0.1087666171220603,0.1882857103168539,0.5209615357901901,3,Ready-to-Wear Focus
C000452,7.0,1896.1,65.0,270.87142857142857,3.857142857142857,0.0,0.2857142857142857,0.0778545435367333,0.3411528927799166,0.0,0.58099256368335,3,Ready-to-Wear Focus
C000453,6.0,2655.66,30.0,442.61,4.5,0.1666666666666666,0.1666666666666666,0.5041383309610417,0.0388001476092572,0.4570615214297011,0.0,4,Loyal Shoppers
C000454,2.0,482.28,127.0,241.14,5.0,0.0,0.0,0.0,0.6006054574106329,0.0,0.3993945425893672,2,Beauty Regulars
C000455,4.0,1640.31,200.0,410.0775,3.5,0.0,0.0,0.4812383025159878,0.3542927861196969,0.0,0.1644689113643152,2,Beauty Regulars
C000456,3.0,909.96,136.0,303.32,4.0,0.0,0.0,0.530155171655897,0.0919161281814585,0.0,0.3779287001626444,0,Accessory Collectors
C000457,7.0,2611.11,81.0,373.0157142857143,3.5714285714285716,0.0,0.7142857142857143,0.0350578872586754,0.1374932499971276,0.3256048194063061,0.5018440433378908,3,Ready-to-Wear Focus
C000458,3.0,1275.55,378.0,425.18333333333334,4.333333333333333,0.6666666666666666,0.3333333333333333,0.1152052055975853,0.3235623848535925,0.561232409548822,0.0,4,Loyal Shoppers
C000459,4.0,1484.33,267.0,371.0825,4.0,0.25,0.0,0.2407416140615631,0.3486219371703058,0.0,0.4106364487681311,2,Beauty Regulars
C000460,5.0,1903.03,76.0,380.606,4.2,0.0,0.2,0.0,0.3233159750503145,0.0306984125315943,0.6459856124180912,3,Ready-to-Wear Focus
C000461,7.0,3659.78,177.0,522.8257142857143,3.4285714285714284,0.1428571428571428,0.8571428571428571,0.7045888004196974,0.0590663919689161,0.0,0.2363448076113865,0,Accessory Collectors
C000462,4.0,1736.39,89.0,434.0975,3.0,0.25,1.0,0.5412666509251954,0.0,0.0,0.4587333490748046,0,Accessory Collectors
C000463,0.0,0.0,0.0,0.0,0.0,0.0,0.0,0.0,0.0,0.0,0.0,1,Trend-Driven Newcomers
C000464,4.0,685.64,61.0,171.41,3.75,0.25,0.0,0.2024823522548276,0.3175281488827957,0.1042092059973163,0.3757802928650604,2,Beauty Regulars
C000465,0.0,0.0,0.0,0.0,0.0,0.0,0.0,0.0,0.0,0.0,0.0,1,Trend-Driven Newcomers
C000466,6.0,2462.59,141.0,410.4316666666667,3.5,0.0,0.1666666666666666,0.4312492132267247,0.258585473018245,0.2626827851976984,0.0474825285573319,0,Accessory Collectors
C000467,4.0,1465.52,286.0,366.38,4.5,0.0,0.75,0.768751023527485,0.1116941426933784,0.0,0.1195548337791364,0,Accessory Collectors
C000468,8.0,2956.88,6.0,369.61,4.5,0.125,0.875,0.2411866562051892,0.071974513676578,0.3342205297475717,0.352618300370661,3,Ready-to-Wear Focus
C000469,3.0,1120.08,102.0,373.36,3.0,0.3333333333333333,1.0,0.1698360831369187,0.7270462824083994,0.1031176344546818,0.0,2,Beauty Regulars
C000470,0.0,0.0,0.0,0.0,0.0,0.0,0.0,0.0,0.0,0.0,0.0,1,Trend-Driven Newcomers
C000471,6.0,1453.19,227.0,242.19833333333335,3.6666666666666665,0.0,0.1666666666666666,0.0,0.8227348110020024,0.0474542214025695,0.1298109675954279,2,Beauty Regulars
C000472,5.0,2605.75,64.0,521.15,4.6,0.0,0.4,0.2046167130384726,0.663509546195913,0.1318737407656145,0.0,2,Beauty Regulars
C000473,1.0,267.1,7.0,267.1,3.0,0.0,0.0,1.0,0.0,0.0,0.0,0,Accessory Collectors
C000474,4.0,1630.92,60.0,407.73,4.25,0.0,1.0,0.0,0.2937360508179432,0.3819071444338165,0.3243568047482402,3,Ready-to-Wear Focus
C000475,0.0,0.0,0.0,0.0,0.0,0.0,0.0,0.0,0.0,0.0,0.0,1,Trend-Driven Newcomers
C000476,0.0,0.0,0.0,0.0,0.0,0.0,0.0,0.0,0.0,0.0,0.0,1,Trend-Driven Newcomers
C000477,8.0,2719.08,33.0,339.885,4.625,0.0,0.375,0.0,0.8609676802447886,0.1390323197552113,0.0,2,Beauty Regulars
C000478,3.0,1033.31,186.0,344.43666666666667,3.3333333333333335,0.0,0.3333333333333333,0.0,0.3113876764959208,0.1589745574900078,0.5296377660140713,3,Ready-to-Wear Focus
C000479,1.0,623.56,220.0,623.56,4.0,0.0,0.0,1.0,0.0,0.0,0.0,0,Accessory Collectors
C000480,2.0,533.78,190.0,266.89,5.0,0.0,0.0,0.0,0.6513919592341414,0.3486080407658586,0.0,2,Beauty Regulars
C000481,4.0,919.79,77.0,229.9475,3.0,0.0,0.5,0.2674523532545472,0.7325476467454528,0.0,0.0,2,Beauty Regulars
C000482,7.0,1745.87,147.0,249.41,3.2857142857142856,0.0,0.4285714285714285,0.228865837662598,0.2956749357054076,0.4247624393568822,0.0506967872751121,4,Loyal Shoppers
C000483,7.0,2179.64,184.0,311.3771428571428,3.5714285714285716,0.2857142857142857,0.1428571428571428,0.7535005780771138,0.1001312143289717,0.0475261969866583,0.0988420106072562,0,Accessory Collectors
C000484,3.0,434.59,219.0,144.86333333333334,3.0,0.0,0.0,0.2267424469039784,0.7732575530960215,0.0,0.0,2,Beauty Regulars
C000485,0.0,0.0,0.0,0.0,0.0,0.0,0.0,0.0,0.0,0.0,0.0,1,Trend-Driven Newcomers
C000486,6.0,2322.43,45.0,387.07166666666666,3.1666666666666665,0.0,0.6666666666666666,0.0,0.8418811331234956,0.1581188668765043,0.0,2,Beauty Regulars
C000487,3.0,1695.39,41.0,565.13,3.6666666666666665,0.0,0.0,0.0668046880068892,0.6463409598971328,0.2868543520959779,0.0,2,Beauty Regulars
C000488,7.0,5120.72,83.0,731.5314285714286,3.5714285714285716,0.2857142857142857,0.7142857142857143,0.2757112281085472,0.0,0.075813557468481,0.6484752144229717,3,Ready-to-Wear Focus
C000489,5.0,1357.12,201.0,271.424,3.6,0.4,0.0,0.2615096675312426,0.3955582409809008,0.3429320914878566,0.0,2,Beauty Regulars
C000490,3.0,457.47,148.0,152.49,4.0,0.3333333333333333,0.0,0.0,1.0,0.0,0.0,2,Beauty Regulars
C000491,2.0,813.3699999999999,91.0,406.68499999999995,1.5,1.0,1.0,0.3189692267971526,0.0,0.0,0.6810307732028474,3,Ready-to-Wear Focus
C000492,4.0,1820.37,107.0,455.0925,2.25,0.0,0.75,0.0,0.3147217323950625,0.0,0.6852782676049375,3,Ready-to-Wear Focus
C000493,0.0,0.0,0.0,0.0,0.0,0.0,0.0,0.0,0.0,0.0,0.0,1,Trend-Driven Newcomers
C000494,0.0,0.0,0.0,0.0,0.0,0.0,0.0,0.0,0.0,0.0,0.0,1,Trend-Driven Newcomers
C000495,7.0,1783.79,13.0,254.8271428571429,3.5714285714285716,0.1428571428571428,0.0,0.0,0.2467611097718902,0.5209525784985901,0.2322863117295197,4,Loyal Shoppers
C000496,6.0,2171.49,8.0,361.915,4.0,0.1666666666666666,1.0,0.1049509783604805,0.0,0.5031199775269515,0.3919290441125678,3,Ready-to-Wear Focus
C000497,4.0,1744.04,1.0,436.01,2.5,0.0,0.5,0.0,0.8797447306254443,0.1202552693745556,0.0,2,Beauty Regulars
C000498,6.0,1470.37,26.0,245.06166666666664,3.1666666666666665,0.0,0.1666666666666666,0.0,0.4419839904241789,0.5035331243156485,0.0544828852601726,4,Loyal Shoppers
C000499,5.0,1196.0099999999998,22.0,239.2019999999999,4.4,0.2,0.0,0.1033101729918646,0.4991011780837952,0.3975886489243401,0.0,2,Beauty Regulars
C000500,4.0,1132.4,7.0,283.1,3.75,0.0,0.25,0.2116036736135641,0.0,0.3709201695513952,0.4174761568350406,3,Ready-to-Wear Focus
C000501,5.0,1183.96,17.0,236.792,2.6,0.2,0.2,0.1178587114429541,0.2050576032974086,0.6770836852596371,0.0,4,Loyal Shoppers
C000502,3.0,1179.07,108.0,393.0233333333333,4.666666666666667,0.0,0.0,0.385676847006539,0.6143231529934609,0.0,0.0,2,Beauty Regulars
C000503,6.0,2016.47,60.0,336.0783333333333,4.333333333333333,0.0,0.8333333333333334,0.0797681096173015,0.0,0.7383397719777631,0.1818921184049353,4,Loyal Shoppers
C000504,10.0,4161.06,13.0,416.1060000000001,3.6,0.0,0.4,0.2496719585874753,0.0856512523251286,0.5598044728987325,0.1048723161886634,4,Loyal Shoppers
C000505,9.0,1719.99,5.0,191.11,4.111111111111111,0.1111111111111111,0.8888888888888888,0.249902615712882,0.2235710672736469,0.1047331670532968,0.4217931499601742,3,Ready-to-Wear Focus
C000506,5.0,1974.15,32.0,394.83,3.2,0.2,1.0,0.27077982929362,0.0,0.1121545981814958,0.6170655725248841,3,Ready-to-Wear Focus
C000507,3.0,1200.06,258.0,400.02,5.0,0.3333333333333333,0.3333333333333333,0.0,0.7175724547105978,0.1288852224055464,0.1535423228838558,2,Beauty Regulars
C000508,5.0,1466.96,67.0,293.392,4.4,0.0,0.4,0.0,0.279966733925942,0.7200332660740579,0.0,4,Loyal Shoppers
C000509,5.0,4617.26,123.0,923.452,3.6,0.2,0.8,0.0181774472306086,0.1778045854034644,0.2050090313302694,0.5990089360356574,3,Ready-to-Wear Focus
C000510,9.0,1360.77,15.0,151.19666666666666,3.5555555555555554,0.2222222222222222,0.0,0.0,0.737619142103368,0.187335111738207,0.075045746158425,2,Beauty Regulars
C000511,4.0,4360.08,162.0,1090.02,5.0,0.5,0.5,0.5813494247811967,0.4186505752188033,0.0,0.0,0,Accessory Collectors
C000512,4.0,959.09,85.0,239.7725,4.75,0.0,0.0,0.5187938566766415,0.4812061433233586,0.0,0.0,2,Beauty Regulars
C000513,4.0,835.81,72.0,208.9525,3.5,0.25,0.0,0.0,0.6246036778693722,0.1189983369426065,0.2563979851880212,2,Beauty Regulars
C000514,4.0,1091.05,123.0,272.7625,3.0,0.0,0.5,0.0,0.0,0.0,1.0,3,Ready-to-Wear Focus
C000515,3.0,802.41,47.0,267.46999999999997,2.3333333333333335,0.3333333333333333,0.3333333333333333,0.0,0.5027978215625428,0.4972021784374572,0.0,4,Loyal Shoppers
C000516,2.0,757.1800000000001,193.0,378.59,6.0,0.5,0.0,0.0,0.7716130906785704,0.2283869093214295,0.0,2,Beauty Regulars
C000517,1.0,136.81,86.0,136.81,3.0,0.0,0.0,0.0,1.0,0.0,0.0,2,Beauty Regulars
C000518,1.0,544.9,511.0,544.9,10.0,0.0,0.0,0.0,1.0,0.0,0.0,2,Beauty Regulars
C000519,4.0,2573.2,169.0,643.3,2.25,0.0,0.5,0.1655565055184206,0.7467044924607492,0.08773900202083,0.0,2,Beauty Regulars
C000520,4.0,1510.34,44.0,377.585,3.25,0.25,1.0,0.5214984705430564,0.2789040878212852,0.1995974416356581,0.0,0,Accessory Collectors
C000521,1.0,152.3,181.0,152.3,3.0,0.0,0.0,0.0,0.0,1.0,0.0,4,Loyal Shoppers
C000522,5.0,902.78,109.0,180.556,3.6,0.0,0.0,0.4556038015906422,0.0,0.0663062983229579,0.4780899000863998,3,Ready-to-Wear Focus
C000523,3.0,1577.49,66.0,525.83,3.6666666666666665,0.0,1.0,0.0,0.0,0.4864499933438563,0.5135500066561436,3,Ready-to-Wear Focus
C000524,5.0,1979.39,0.0,395.878,4.0,0.2,1.0,0.0,0.2157583902111257,0.0,0.7842416097888744,3,Ready-to-Wear Focus
C000525,4.0,1095.29,446.0,273.8225,4.0,0.0,0.75,0.3750148362534123,0.0,0.6249851637465876,0.0,4,Loyal Shoppers
C000526,8.0,2312.7799999999997,91.0,289.09749999999997,3.25,0.375,0.5,0.709691367099335,0.1592066690303444,0.1311019638703205,0.0,0,Accessory Collectors
C000527,2.0,501.64,22.0,250.82,4.5,0.5,0.0,0.0,0.6889004066661351,0.3110995933338649,0.0,2,Beauty Regulars
C000528,1.0,73.76,285.0,73.76,1.0,0.0,0.0,0.0,1.0,0.0,0.0,2,Beauty Regulars
C000529,4.0,1587.9199999999998,268.0,396.98,4.5,0.0,0.5,0.6129464960451408,0.3104816363544763,0.0765718676003829,0.0,0,Accessory Collectors
C000530,2.0,377.9,66.0,188.95,3.5,0.0,0.0,0.0,0.0,1.0,0.0,4,Loyal Shoppers
C000531,5.0,819.34,2.0,163.868,4.0,0.2,0.2,0.5530793077354944,0.0,0.0752312837161617,0.3716894085483438,0,Accessory Collectors
C000532,5.0,1008.07,107.0,201.614,4.0,0.0,0.0,0.0,0.2897219439126251,0.7102780560873749,0.0,4,Loyal Shoppers
C000533,8.0,2015.42,116.0,251.9275,3.125,0.25,0.375,0.0,0.6560171080965754,0.0591539232517291,0.2848289686516954,2,Beauty Regulars
C000534,6.0,2194.33,7.0,365.72166666666664,3.0,0.1666666666666666,0.5,0.41609511787197,0.3299458148956629,0.253959067232367,0.0,0,Accessory Collectors
C000535,4.0,1422.17,256.0,355.5425,3.75,0.0,0.0,0.5239036120857563,0.1187832678231153,0.0,0.3573131200911283,0,Accessory Collectors
C000536,3.0,528.41,14.0,176.13666666666666,4.666666666666667,0.0,0.0,0.0,0.2175394106848848,0.7824605893151152,0.0,4,Loyal Shoppers
C000537,6.0,4300.15,133.0,716.6916666666666,2.5,0.0,0.8333333333333334,0.3602316198272154,0.0406195132727928,0.467579037940537,0.1315698289594549,4,Loyal Shoppers
C000538,3.0,777.4300000000001,133.0,259.1433333333334,4.0,0.0,0.6666666666666666,0.0,0.2190936804599771,0.35145286392344,0.4294534556165828,3,Ready-to-Wear Focus
C000539,1.0,262.61,111.0,262.61,3.0,0.0,1.0,0.0,0.0,1.0,0.0,4,Loyal Shoppers
C000540,1.0,162.26,355.0,162.26,2.0,0.0,1.0,1.0,0.0,0.0,0.0,0,Accessory Collectors
C000541,0.0,0.0,0.0,0.0,0.0,0.0,0.0,0.0,0.0,0.0,0.0,1,Trend-Driven Newcomers
C000542,7.0,2714.38,102.0,387.7685714285714,3.5714285714285716,0.2857142857142857,0.7142857142857143,0.1887797581768212,0.1631127550306147,0.0,0.6481074867925639,3,Ready-to-Wear Focus
C000543,4.0,1524.56,6.0,381.14,4.5,0.25,0.0,0.0819318360707351,0.2170921446187752,0.7009760193104895,0.0,4,Loyal Shoppers
C000544,1.0,217.73,405.0,217.73,5.0,0.0,0.0,0.0,1.0,0.0,0.0,2,Beauty Regulars
C000545,3.0,504.68,13.0,168.22666666666666,4.333333333333333,0.0,0.3333333333333333,0.0,0.3489736070381232,0.0,0.6510263929618768,3,Ready-to-Wear Focus
C000546,1.0,426.21,138.0,426.21,4.0,0.0,1.0,0.0,0.0,0.0,1.0,3,Ready-to-Wear Focus
C000547,0.0,0.0,0.0,0.0,0.0,0.0,0.0,0.0,0.0,0.0,0.0,1,Trend-Driven Newcomers
C000548,4.0,936.51,168.0,234.1275,2.75,0.5,0.75,0.6763302046961591,0.1796884176356899,0.0,0.1439813776681509,0,Accessory Collectors
C000549,5.0,862.31,172.0,172.462,5.2,0.0,0.0,0.0,0.4663520079785692,0.5336479920214309,0.0,4,Loyal Shoppers
C000550,5.0,1442.91,238.0,288.582,3.4,0.2,0.6,0.3006216603946192,0.0,0.083213783257445,0.6161645563479358,3,Ready-to-Wear Focus
C000551,4.0,2123.78,78.0,530.945,4.75,0.25,0.5,0.5749512661386773,0.1085187731309269,0.3165299607303958,0.0,0,Accessory Collectors
C000552,3.0,1037.23,86.0,345.74333333333334,5.0,0.0,0.0,0.8535233265524521,0.1464766734475478,0.0,0.0,0,Accessory Collectors
C000553,0.0,0.0,0.0,0.0,0.0,0.0,0.0,0.0,0.0,0.0,0.0,1,Trend-Driven Newcomers
C000554,5.0,1057.89,62.0,211.57800000000003,5.2,0.0,0.6,0.3196173515204794,0.4403482403652553,0.0,0.2400344081142651,2,Beauty Regulars
C000555,6.0,2706.7799999999997,33.0,451.12999999999994,3.1666666666666665,0.0,0.5,0.135574372501644,0.0,0.446755924013034,0.417669703485322,3,Ready-to-Wear Focus
C000556,4.0,483.31,12.0,120.8275,5.25,0.25,0.0,0.0,0.3658728352403219,0.2959177339595704,0.3382094308001075,2,Beauty Regulars
C000557,2.0,1997.23,260.0,998.615,4.5,0.0,0.5,0.0,0.7685945033871913,0.2314054966128087,0.0,2,Beauty Regulars
C000558,0.0,0.0,0.0,0.0,0.0,0.0,0.0,0.0,0.0,0.0,0.0,1,Trend-Driven Newcomers
C000559,0.0,0.0,0.0,0.0,0.0,0.0,0.0,0.0,0.0,0.0,0.0,1,Trend-Driven Newcomers
C000560,1.0,308.85,267.0,308.85,2.0,0.0,1.0,0.0,0.0,0.0,1.0,3,Ready-to-Wear Focus
C000561,12.0,5402.57,15.0,450.21416666666664,4.583333333333333,0.0,0.6666666666666666,0.5846180614041095,0.2968938856877375,0.0329991096829842,0.0854889432251687,0,Accessory Collectors
C000562,3.0,1179.38,91.0,393.1266666666667,4.666666666666667,0.3333333333333333,0.3333333333333333,0.6654259017449846,0.0,0.3345740982550153,0.0,0,Accessory Collectors
C000563,5.0,1281.62,135.0,256.324,3.6,0.0,0.0,0.052691125294549,0.7818230052589691,0.0713550038232861,0.0941308656231956,2,Beauty Regulars
C000564,4.0,1076.82,50.0,269.205,3.5,0.25,0.75,0.2724410765030366,0.3777140097695065,0.0,0.3498449137274567,3,Ready-to-Wear Focus
C000565,0.0,0.0,0.0,0.0,0.0,0.0,0.0,0.0,0.0,0.0,0.0,1,Trend-Driven Newcomers
C000566,4.0,1400.39,2.0,350.09749999999997,2.75,0.5,1.0,0.2074993394697191,0.3320360756646363,0.0,0.4604645848656446,3,Ready-to-Wear Focus
C000567,0.0,0.0,0.0,0.0,0.0,0.0,0.0,0.0,0.0,0.0,0.0,1,Trend-Driven Newcomers
C000568,0.0,0.0,0.0,0.0,0.0,0.0,0.0,0.0,0.0,0.0,0.0,1,Trend-Driven Newcomers
C000569,6.0,1413.71,46.0,235.61833333333337,4.5,0.0,0.6666666666666666,0.4483239136739501,0.0490199545875745,0.4414696083355143,0.061186523402961,0,Accessory Collectors
C000570,9.0,3591.52,17.0,399.0577777777778,4.0,0.2222222222222222,0.8888888888888888,0.6672550897670068,0.1780443934601505,0.0962238829242215,0.0584766338486212,0,Accessory Collectors
C000571,2.0,1309.63,20.0,654.815,2.0,0.0,0.5,0.0,0.0,0.1830669731145437,0.8169330268854562,3,Ready-to-Wear Focus
C000572,3.0,851.73,88.0,283.91,2.0,0.0,1.0,0.5993448628086365,0.0,0.4006551371913635,0.0,0,Accessory Collectors
C000573,3.0,1986.76,230.0,662.2533333333332,3.0,0.0,0.6666666666666666,0.1762115202641486,0.1081257927479917,0.7156626869878596,0.0,4,Loyal Shoppers
C000574,10.0,3893.96,15.0,389.396,3.2,0.0,1.0,0.3476923234958757,0.1400168466034576,0.4344574674624289,0.0778333624382376,0,Accessory Collectors
C000575,0.0,0.0,0.0,0.0,0.0,0.0,0.0,0.0,0.0,0.0,0.0,1,Trend-Driven Newcomers
C000576,5.0,1198.34,135.0,239.668,3.0,0.0,0.2,0.7846938264599362,0.2153061735400637,0.0,0.0,0,Accessory Collectors
C000577,2.0,413.53,80.0,206.765,5.0,0.0,1.0,0.0,0.0,1.0,0.0,4,Loyal Shoppers
C000578,0.0,0.0,0.0,0.0,0.0,0.0,0.0,0.0,0.0,0.0,0.0,1,Trend-Driven Newcomers
C000579,7.0,3976.79,76.0,568.1128571428571,3.5714285714285716,0.1428571428571428,0.2857142857142857,0.0,0.2942725162756896,0.0273688075055509,0.6783586762187593,3,Ready-to-Wear Focus
C000580,0.0,0.0,0.0,0.0,0.0,0.0,0.0,0.0,0.0,0.0,0.0,1,Trend-Driven Newcomers
C000581,4.0,1314.89,181.0,328.72249999999997,3.25,0.25,0.25,0.7475454220505137,0.0,0.0,0.2524545779494862,0,Accessory Collectors
C000582,9.0,1954.65,0.0,217.18333333333337,4.444444444444445,0.3333333333333333,0.1111111111111111,0.2176860307471926,0.5746808891617425,0.1059371242933517,0.1016959557977131,2,Beauty Regulars
C000583,2.0,1184.21,285.0,592.105,2.5,0.0,0.0,0.1775023011121338,0.8224976988878662,0.0,0.0,2,Beauty Regulars
C000584,7.0,1578.97,181.0,225.56714285714287,3.857142857142857,0.2857142857142857,0.0,0.0,0.3140148324540681,0.5491554621050432,0.1368297054408886,4,Loyal Shoppers
C000585,7.0,2726.23,1.0,389.4614285714286,3.7142857142857144,0.2857142857142857,1.0,0.1831393536128646,0.1104639006980335,0.1537067672206673,0.5526899784684344,3,Ready-to-Wear Focus
C000586,4.0,759.65,4.0,189.9125,3.5,0.5,1.0,0.2607911538208385,0.0,0.0,0.7392088461791614,3,Ready-to-Wear Focus
C000587,6.0,3801.44,88.0,633.5733333333334,3.6666666666666665,0.0,1.0,0.4996606549097184,0.2806673260659119,0.0831763752683193,0.1364956437560503,0,Accessory Collectors
C000588,8.0,3893.45,72.0,486.68125,3.0,0.125,0.875,0.17810168359681,0.097946551259166,0.1717936534436039,0.55215811170042,3,Ready-to-Wear Focus
C000589,3.0,563.39,247.0,187.79666666666665,3.6666666666666665,0.0,0.3333333333333333,0.0,0.533573545856334,0.1403113296295638,0.3261151245141021,2,Beauty Regulars
C000590,1.0,2188.27,430.0,2188.27,4.0,0.0,1.0,1.0,0.0,0.0,0.0,0,Accessory Collectors
C000591,1.0,199.34,279.0,199.34,3.0,0.0,0.0,0.0,1.0,0.0,0.0,2,Beauty Regulars
C000592,4.0,1559.14,224.0,389.785,3.75,0.0,0.25,0.4306348371538155,0.2634914119322191,0.0,0.3058737509139654,0,Accessory Collectors
C000593,10.0,2514.24,9.0,251.42400000000004,3.9,0.1,0.4,0.3697538818887616,0.1973677930507827,0.1079093483517882,0.3249689767086674,3,Ready-to-Wear Focus
C000594,6.0,2654.08,19.0,442.34666666666664,3.0,0.3333333333333333,0.8333333333333334,0.0,0.2013390704123462,0.0562567820110923,0.7424041475765615,3,Ready-to-Wear Focus
C000595,2.0,282.58,181.0,141.29,4.0,0.0,0.5,1.0,0.0,0.0,0.0,0,Accessory Collectors
C000596,2.0,1738.38,181.0,869.19,5.0,0.0,0.5,0.485791368975713,0.5142086310242869,0.0,0.0,0,Accessory Collectors
C000597,3.0,825.8,138.0,275.26666666666665,4.0,0.0,0.3333333333333333,0.0,1.0,0.0,0.0,2,Beauty Regulars
C000598,3.0,722.77,51.0,240.92333333333332,4.333333333333333,0.3333333333333333,0.3333333333333333,0.0,0.5096503728710379,0.0,0.4903496271289622,3,Ready-to-Wear Focus
C000599,5.0,2328.54,50.0,465.708,3.8,0.4,0.8,0.1151751741434547,0.6308888831628403,0.253935942693705,0.0,2,Beauty Regulars
C000600,3.0,1788.21,67.0,596.07,3.6666666666666665,0.3333333333333333,0.0,0.3647558172697837,0.6352441827302162,0.0,0.0,2,Beauty Regulars
C000601,6.0,1202.81,32.0,200.46833333333333,4.0,0.3333333333333333,0.5,0.3826290104006451,0.5110366558309292,0.1063343337684255,0.0,2,Beauty Regulars
C000602,8.0,2199.24,19.0,274.905,3.25,0.25,1.0,0.2810743711463961,0.1403075607937287,0.2657781779160074,0.3128398901438679,3,Ready-to-Wear Focus
C000603,3.0,404.6,128.0,134.86666666666667,4.666666666666667,0.0,0.3333333333333333,0.0,0.0,0.8183638161146811,0.1816361838853188,4,Loyal Shoppers
C000604,3.0,2503.45,198.0,834.4833333333332,4.0,0.0,1.0,0.1480436996944217,0.0,0.3382012822305218,0.5137550180750565,3,Ready-to-Wear Focus
C000605,4.0,3609.7,74.0,902.425,3.0,0.0,0.5,0.823195833448763,0.1768041665512369,0.0,0.0,0,Accessory Collectors
C000606,2.0,604.01,188.0,302.005,4.5,0.0,0.5,0.0,0.0,1.0,0.0,4,Loyal Shoppers
C000607,0.0,0.0,0.0,0.0,0.0,0.0,0.0,0.0,0.0,0.0,0.0,1,Trend-Driven Newcomers
C000608,8.0,2895.85,32.0,361.98125,4.25,0.125,0.625,0.0,0.2753940984512319,0.1112764818619748,0.6133294196867931,3,Ready-to-Wear Focus
C000609,3.0,834.28,139.0,278.0933333333333,5.0,0.0,0.6666666666666666,0.0,0.1079134103658244,0.0,0.8920865896341756,3,Ready-to-Wear Focus
C000610,5.0,2219.7200000000003,190.0,443.9440000000001,3.4,0.2,0.8,0.1106490908763267,0.0,0.244472275782531,0.644878633341142,3,Ready-to-Wear Focus
C000611,3.0,350.58000000000004,144.0,116.86,4.0,0.3333333333333333,0.6666666666666666,0.0,0.0,0.5907068286838952,0.4092931713161047,4,Loyal Shoppers
C000612,8.0,4322.83,93.0,540.35375,3.25,0.375,0.875,0.1174091972157128,0.0,0.0183907301466863,0.8642000726376008,3,Ready-to-Wear Focus
C000613,4.0,808.57,96.0,202.1425,3.5,0.0,1.0,0.6025328666658422,0.0,0.0,0.3974671333341578,0,Accessory Collectors
C000614,7.0,1985.44,51.0,283.63428571428574,3.857142857142857,0.1428571428571428,0.1428571428571428,0.284501168506729,0.1490148279474575,0.1400848174711902,0.4263991860746232,3,Ready-to-Wear Focus
C000615,0.0,0.0,0.0,0.0,0.0,0.0,0.0,0.0,0.0,0.0,0.0,1,Trend-Driven Newcomers
C000616,6.0,2883.35,176.0,480.55833333333334,4.0,0.0,0.3333333333333333,0.0,0.1410442714203964,0.7988312206287825,0.0601245079508211,4,Loyal Shoppers
C000617,0.0,0.0,0.0,0.0,0.0,0.0,0.0,0.0,0.0,0.0,0.0,1,Trend-Driven Newcomers
C000618,3.0,1664.74,60.0,554.9133333333333,2.0,0.0,0.3333333333333333,0.4847844107788603,0.2123454713648978,0.3028701178562418,0.0,0,Accessory Collectors
C000619,7.0,1782.7,10.0,254.67142857142855,3.7142857142857144,0.1428571428571428,0.0,0.1968194311998654,0.6218208335670613,0.1813597352330734,0.0,2,Beauty Regulars
C000620,4.0,1971.24,48.0,492.81,2.5,0.0,1.0,0.0477465960512165,0.0,0.4755027292465656,0.4767506747022179,3,Ready-to-Wear Focus
C000621,5.0,2042.5,2.0,408.5,4.6,0.0,0.0,0.0,0.533219094247246,0.3792753977968176,0.0875055079559363,2,Beauty Regulars
C000622,7.0,2318.6800000000003,41.0,331.24000000000007,3.7142857142857144,0.2857142857142857,0.5714285714285714,0.2264693705039074,0.3836751945072196,0.3416987251367157,0.0481567098521572,2,Beauty Regulars
C000623,0.0,0.0,0.0,0.0,0.0,0.0,0.0,0.0,0.0,0.0,0.0,1,Trend-Driven Newcomers
C000624,0.0,0.0,0.0,0.0,0.0,0.0,0.0,0.0,0.0,0.0,0.0,1,Trend-Driven Newcomers
C000625,1.0,323.02,207.0,323.02,3.0,0.0,1.0,1.0,0.0,0.0,0.0,0,Accessory Collectors
C000626,6.0,2566.16,14.0,427.6933333333333,3.6666666666666665,0.1666666666666666,0.5,0.0491161891698101,0.0801080213236898,0.0522726564204882,0.8185031330860117,3,Ready-to-Wear Focus
C000627,6.0,2661.87,230.0,443.645,3.5,0.0,1.0,0.4764056847253998,0.0,0.4336537847453106,0.0899405305292895,0,Accessory Collectors
C000628,5.0,2854.41,120.0,570.882,4.2,0.2,0.2,0.1071885258249515,0.4997074701952418,0.3931040039798066,0.0,2,Beauty Regulars
C000629,0.0,0.0,0.0,0.0,0.0,0.0,0.0,0.0,0.0,0.0,0.0,1,Trend-Driven Newcomers
C000630,4.0,1447.2399999999998,40.0,361.80999999999995,3.25,0.0,0.25,0.343958154832647,0.0,0.1212860341062989,0.5347558110610542,3,Ready-to-Wear Focus
C000631,4.0,1774.71,86.0,443.6775,3.5,0.0,0.25,0.0,0.7667280851519404,0.2332719148480596,0.0,2,Beauty Regulars
C000632,2.0,747.98,191.0,373.99,3.5,0.0,0.0,0.471643626834942,0.0,0.0,0.5283563731650579,3,Ready-to-Wear Focus
C000633,6.0,3107.2000000000003,35.0,517.8666666666667,2.8333333333333335,0.0,0.6666666666666666,0.7011296343975283,0.0,0.0337924819773429,0.2650778836251287,0,Accessory Collectors
C000634,9.0,3147.16,245.0,349.6844444444444,4.444444444444445,0.0,0.2222222222222222,0.1825232908399954,0.5213398746806645,0.0481195744734935,0.2480172600058465,2,Beauty Regulars
C000635,0.0,0.0,0.0,0.0,0.0,0.0,0.0,0.0,0.0,0.0,0.0,1,Trend-Driven Newcomers
C000636,5.0,4398.09,22.0,879.618,4.6,0.0,0.6,0.59430570997865,0.0783794783644718,0.0855462257479951,0.2417685859088832,0,Accessory Collectors
C000637,7.0,2079.27,13.0,297.0385714285714,2.7142857142857144,0.2857142857142857,0.2857142857142857,0.4906914445935352,0.1484078546797674,0.2108480380133412,0.1500526627133561,0,Accessory Collectors
C000638,6.0,1910.3,57.0,318.3833333333334,3.3333333333333335,0.0,0.0,0.0993037742762916,0.1563471706014761,0.0386693189551379,0.7056797361670941,3,Ready-to-Wear Focus
C000639,0.0,0.0,0.0,0.0,0.0,0.0,0.0,0.0,0.0,0.0,0.0,1,Trend-Driven Newcomers
C000640,8.0,1760.59,18.0,220.07375,3.625,0.375,0.0,0.2063456000545271,0.5010025048421268,0.1170971094917044,0.1755547856116415,2,Beauty Regulars
C000641,0.0,0.0,0.0,0.0,0.0,0.0,0.0,0.0,0.0,0.0,0.0,1,Trend-Driven Newcomers
C000642,3.0,1320.49,25.0,440.16333333333336,3.0,0.3333333333333333,0.3333333333333333,0.0,0.2194715597997713,0.4980802580860135,0.2824481821142152,4,Loyal Shoppers
C000643,4.0,1185.44,135.0,296.36,5.0,0.0,0.5,0.5214182075853692,0.2817856660817924,0.0,0.1967961263328384,0,Accessory Collectors
C000644,1.0,128.07,3.0,128.07,3.0,1.0,0.0,0.0,0.0,0.0,1.0,3,Ready-to-Wear Focus
C000645,1.0,195.79,47.0,195.79,5.0,0.0,0.0,0.0,1.0,0.0,0.0,2,Beauty Regulars
C000646,6.0,1692.73,46.0,282.12166666666667,3.1666666666666665,0.5,0.0,0.2867498065255534,0.0,0.0295380834509933,0.6837121100234532,3,Ready-to-Wear Focus
C000647,2.0,661.73,122.0,330.865,4.5,0.0,0.0,0.0,1.0,0.0,0.0,2,Beauty Regulars
C000648,1.0,361.15,232.0,361.15,1.0,0.0,1.0,0.0,0.0,1.0,0.0,4,Loyal Shoppers
C000649,1.0,327.11,126.0,327.11,4.0,0.0,1.0,1.0,0.0,0.0,0.0,0,Accessory Collectors
C000650,6.0,2558.58,35.0,426.43,4.166666666666667,0.0,0.5,0.3393405717233778,0.1402223108130291,0.1740965691907229,0.3463405482728701,3,Ready-to-Wear Focus
C000651,7.0,3536.7,154.0,505.24285714285713,4.714285714285714,0.0,0.5714285714285714,0.1117510673791953,0.4533435123137388,0.2107529618005485,0.2241524585065173,2,Beauty Regulars
C000652,6.0,2696.17,93.0,449.3616666666667,4.0,0.1666666666666666,0.6666666666666666,0.0251801629719194,0.6559935018934266,0.3188263351346539,0.0,2,Beauty Regulars
C000653,5.0,1666.14,204.0,333.22799999999995,3.4,0.0,0.0,0.3316888136651182,0.3180104913152556,0.3195409749480836,0.0307597200715426,2,Beauty Regulars
C000654,4.0,1692.99,187.0,423.2475,3.75,0.0,0.0,0.3069126220473837,0.5183137525915689,0.1747736253610476,0.0,2,Beauty Regulars
C000655,0.0,0.0,0.0,0.0,0.0,0.0,0.0,0.0,0.0,0.0,0.0,1,Trend-Driven Newcomers
C000656,6.0,1714.49,145.0,285.74833333333333,4.5,0.1666666666666666,0.0,0.0,0.4566839118338398,0.0,0.5433160881661602,3,Ready-to-Wear Focus
C000657,7.0,3139.3199999999997,117.0,448.47428571428566,3.142857142857143,0.1428571428571428,0.4285714285714285,0.520810239160073,0.188047093001032,0.1067970133659518,0.1843456544729432,0,Accessory Collectors
C000658,7.0,1959.28,6.0,279.89714285714285,3.7142857142857144,0.0,0.4285714285714285,0.6778153199134377,0.1410620227838798,0.1811226573026826,0.0,0,Accessory Collectors
C000659,11.0,2233.75,46.0,203.0681818181818,3.363636363636364,0.0909090909090909,0.0,0.0281947397873531,0.4140033575825405,0.1788069390039172,0.3789949636261891,2,Beauty Regulars
C000660,4.0,1508.54,18.0,377.135,3.25,0.25,1.0,0.2901746059103504,0.1314648600633725,0.0,0.5783605340262771,3,Ready-to-Wear Focus
C000661,7.0,5873.82,189.0,839.1171428571428,2.7142857142857144,0.1428571428571428,0.8571428571428571,0.8395933140613775,0.0,0.0,0.1604066859386226,0,Accessory Collectors
C000662,5.0,2306.12,28.0,461.224,4.2,0.0,0.8,0.1799125804381385,0.4460305621563492,0.0,0.3740568574055123,3,Ready-to-Wear Focus
C000663,5.0,1533.79,46.0,306.758,3.4,0.0,0.0,0.5389525293553876,0.1301612345888289,0.2714256840897385,0.0594605519660449,0,Accessory Collectors
C000664,8.0,1202.18,1.0,150.2725,4.125,0.0,0.0,0.074115357101266,0.4185812440732669,0.3985509657455622,0.1087524330799048,2,Beauty Regulars
C000665,0.0,0.0,0.0,0.0,0.0,0.0,0.0,0.0,0.0,0.0,0.0,1,Trend-Driven Newcomers
C000666,1.0,509.23,263.0,509.23,3.0,0.0,1.0,0.0,0.0,0.0,1.0,3,Ready-to-Wear Focus
C000667,3.0,720.54,225.0,240.18,3.3333333333333335,0.0,1.0,0.2922391539678574,0.0,0.0,0.7077608460321426,3,Ready-to-Wear Focus
C000668,7.0,1805.4,112.0,257.9142857142857,3.4285714285714284,0.0,0.1428571428571428,0.0,0.5553672316384181,0.10443115099147,0.3402016173701119,2,Beauty Regulars
C000669,6.0,3671.4,288.0,611.9,3.1666666666666665,0.0,0.6666666666666666,0.8313640573078389,0.0,0.1403306640518603,0.0283052786403007,0,Accessory Collectors
C000670,7.0,1310.37,175.0,187.19571428571427,3.2857142857142856,0.0,0.1428571428571428,0.4314582904065264,0.211253310133779,0.1708067187130352,0.1864816807466593,0,Accessory Collectors
C000671,4.0,1224.58,102.0,306.145,3.75,0.0,0.75,0.0739110552189322,0.0,0.1611899590063532,0.7648989857747147,3,Ready-to-Wear Focus
C000672,6.0,1814.18,8.0,302.3633333333333,3.0,0.0,0.1666666666666666,0.3075714647940116,0.6924285352059883,0.0,0.0,2,Beauty Regulars
C000673,3.0,1011.02,135.0,337.00666666666666,3.3333333333333335,0.3333333333333333,1.0,0.6888093212794999,0.0,0.0734604656683349,0.2377302130521651,0,Accessory Collectors
C000674,0.0,0.0,0.0,0.0,0.0,0.0,0.0,0.0,0.0,0.0,0.0,1,Trend-Driven Newcomers
C000675,5.0,1348.94,55.0,269.788,3.6,0.2,1.0,0.6202129079128798,0.1623867629397897,0.2174003291473304,0.0,0,Accessory Collectors
C000676,4.0,1323.84,223.0,330.96,2.75,0.0,0.5,0.1358623398598018,0.1527601522842639,0.5034822939328015,0.2078952139231327,4,Loyal Shoppers
C000677,0.0,0.0,0.0,0.0,0.0,0.0,0.0,0.0,0.0,0.0,0.0,1,Trend-Driven Newcomers
C000678,4.0,1615.19,74.0,403.7975,3.75,0.25,1.0,0.3838000482915322,0.4619146973421084,0.0,0.1542852543663593,0,Accessory Collectors
C000679,8.0,2123.25,28.0,265.40625,3.0,0.25,0.0,0.1256988107853526,0.5477357824090427,0.0,0.3265654068056046,2,Beauty Regulars
C000680,9.0,2416.11,51.0,268.4566666666667,5.333333333333333,0.0,0.3333333333333333,0.5431458004809384,0.0756670846939916,0.2838736646924188,0.0973134501326512,0,Accessory Collectors
C000681,2.0,352.46,287.0,176.23,4.5,0.0,0.0,0.1437893661692107,0.0,0.8562106338307893,0.0,4,Loyal Shoppers
C000682,8.0,3480.67,110.0,435.08375,2.5,0.25,0.125,0.0,0.6247676453096674,0.019191707343701,0.3560406473466315,2,Beauty Regulars
C000683,6.0,2069.54,57.0,344.92333333333335,3.3333333333333335,0.1666666666666666,0.8333333333333334,0.3315036191617461,0.0,0.1626496709413686,0.5058467098968854,3,Ready-to-Wear Focus
C000684,0.0,0.0,0.0,0.0,0.0,0.0,0.0,0.0,0.0,0.0,0.0,1,Trend-Driven Newcomers
C000685,7.0,1921.76,16.0,274.53714285714284,4.428571428571429,0.4285714285714285,0.8571428571428571,0.09543335275997,0.0498397302472733,0.4795343851469486,0.375192531845808,3,Ready-to-Wear Focus
C000686,9.0,5112.1900000000005,65.0,568.0211111111112,3.111111111111111,0.0,0.7777777777777778,0.1544387043517553,0.0296291804490834,0.6194683687421634,0.1964637464569979,4,Loyal Shoppers
C000687,8.0,2660.99,41.0,332.62375000000003,3.125,0.125,0.875,0.5686605361162576,0.0,0.1490798537386461,0.2822596101450964,0,Accessory Collectors
C000688,7.0,2136.24,51.0,305.1771428571428,3.7142857142857144,0.0,0.5714285714285714,0.1245038010710407,0.4016121784069206,0.1477689772684717,0.326115043253567,3,Ready-to-Wear Focus
C000689,5.0,893.54,112.0,178.708,3.6,0.0,0.6,0.3168520715356895,0.4418156993531347,0.1253105624818139,0.1160216666293618,2,Beauty Regulars
C000690,6.0,1073.73,1.0,178.955,4.666666666666667,0.0,0.0,0.3863261713838674,0.1728833133096774,0.440790515306455,0.0,4,Loyal Shoppers
C000691,8.0,1492.97,12.0,186.62125,3.625,0.125,0.375,0.0416820163834504,0.1052064006644473,0.318418990334702,0.5346925926174003,3,Ready-to-Wear Focus
C000692,8.0,4247.75,137.0,530.96875,4.25,0.25,0.625,0.0217362132893885,0.6609240185980813,0.3173397681125302,0.0,2,Beauty Regulars
C000693,3.0,2019.98,73.0,673.3266666666667,3.6666666666666665,0.0,0.6666666666666666,0.9752472796760364,0.0,0.0247527203239636,0.0,0,Accessory Collectors
C000694,1.0,136.97,325.0,136.97,4.0,0.0,0.0,0.0,0.0,0.0,1.0,3,Ready-to-Wear Focus
C000695,1.0,203.51,411.0,203.51,4.0,0.0,1.0,1.0,0.0,0.0,0.0,0,Accessory Collectors
C000696,3.0,1401.4499999999998,43.0,467.1499999999999,4.0,0.0,0.6666666666666666,0.5146526811516643,0.3798993899175853,0.1054479289307502,0.0,0,Accessory Collectors
C000697,1.0,67.19,265.0,67.19,3.0,0.0,1.0,0.0,0.0,1.0,0.0,4,Loyal Shoppers
C000698,7.0,3746.8,41.0,535.2571428571429,4.714285714285714,0.2857142857142857,0.5714285714285714,0.6901355823636169,0.1958044197715384,0.0,0.1140599978648446,0,Accessory Collectors
C000699,4.0,1798.61,112.0,449.6525,3.75,0.0,1.0,0.288700718888475,0.1020732676900495,0.0,0.6092260134214754,3,Ready-to-Wear Focus
C000700,5.0,1461.0700000000002,43.0,292.21400000000006,4.2,0.0,0.8,0.5439985763857995,0.0,0.1977591764939393,0.2582422471202611,0,Accessory Collectors
C000701,3.0,1168.22,397.0,389.4066666666667,2.6666666666666665,0.0,0.3333333333333333,0.0,0.2042509116433548,0.3614986903151803,0.4342503980414648,3,Ready-to-Wear Focus
C000702,2.0,643.97,121.0,321.985,2.5,0.0,1.0,0.0,0.0,1.0,0.0,4,Loyal Shoppers
C000703,3.0,632.45,17.0,210.8166666666667,5.333333333333333,0.0,1.0,0.106300893351253,0.7634595620207131,0.1302395446280338,0.0,2,Beauty Regulars
C000704,4.0,1608.31,114.0,402.0775,3.25,0.25,0.5,0.4388084386716491,0.0,0.0,0.5611915613283509,3,Ready-to-Wear Focus
C000705,4.0,1335.13,20.0,333.78249999999997,5.25,0.25,0.25,0.4007175331241152,0.1563667957427366,0.442915671133148,0.0,4,Loyal Shoppers
C000706,4.0,1615.45,172.0,403.8625,3.0,0.0,1.0,0.891312018323068,0.1086879816769321,0.0,0.0,0,Accessory Collectors
C000707,6.0,3617.98,63.0,602.9966666666667,3.1666666666666665,0.3333333333333333,1.0,0.6716261560318189,0.109439521500948,0.2189343224672331,0.0,0,Accessory Collectors
C000708,8.0,4293.65,85.0,536.70625,2.75,0.0,0.625,0.132416475492879,0.1679480162565649,0.2103920906454881,0.4892434176050679,3,Ready-to-Wear Focus
C000709,4.0,1004.14,111.0,251.035,3.5,0.25,0.5,0.6209094349393511,0.1001155217399964,0.0,0.2789750433206525,0,Accessory Collectors
C000710,7.0,1697.48,20.0,242.49714285714285,3.7142857142857144,0.1428571428571428,0.0,0.0,0.905006244550746,0.0,0.0949937554492541,2,Beauty Regulars
C000711,1.0,152.1,171.0,152.1,6.0,1.0,0.0,0.0,1.0,0.0,0.0,2,Beauty Regulars
C000712,1.0,357.43,535.0,357.43,6.0,1.0,0.0,0.0,1.0,0.0,0.0,2,Beauty Regulars
C000713,6.0,1397.4,113.0,232.9,3.1666666666666665,0.1666666666666666,0.1666666666666666,0.0576928581651638,0.4224488335480177,0.0,0.5198583082868183,3,Ready-to-Wear Focus
C000714,3.0,1119.62,154.0,373.20666666666665,3.0,0.0,0.0,0.0,0.1817848913024062,0.7422696986477555,0.0759454100498383,4,Loyal Shoppers
C000715,5.0,797.6600000000001,9.0,159.532,3.4,0.0,0.8,0.564062382468721,0.0,0.0,0.4359376175312789,0,Accessory Collectors
C000716,3.0,1698.61,139.0,566.2033333333333,4.0,0.0,0.0,0.4240938178863894,0.5759061821136106,0.0,0.0,2,Beauty Regulars
C000717,7.0,2929.2,261.0,418.45714285714286,2.857142857142857,0.1428571428571428,0.4285714285714285,0.2639901679639492,0.26209203878192,0.2554861395602895,0.2184316536938413,2,Beauty Regulars
C000718,5.0,1523.58,28.0,304.716,3.4,0.0,0.0,0.0851940823586552,0.3946756980270153,0.1843683954895706,0.3357618241247587,2,Beauty Regulars
C000719,0.0,0.0,0.0,0.0,0.0,0.0,0.0,0.0,0.0,0.0,0.0,1,Trend-Driven Newcomers
C000720,4.0,1418.84,32.0,354.71000000000004,3.5,0.25,0.5,0.0,0.3501804290829128,0.6063826788080403,0.0434368921090468,4,Loyal Shoppers
C000721,5.0,790.6800000000001,62.0,158.13600000000002,4.4,0.6,0.0,0.1850306065664997,0.3426164820154803,0.0,0.4723529114180199,3,Ready-to-Wear Focus
C000722,7.0,2279.38,48.0,325.6257142857143,3.7142857142857144,0.2857142857142857,0.7142857142857143,0.5557871000008774,0.0,0.2561924733918873,0.1880204266072352,0,Accessory Collectors
C000723,6.0,2181.17,267.0,363.52833333333336,4.666666666666667,0.1666666666666666,0.8333333333333334,0.0,0.2097131356107043,0.1422218350701687,0.6480650293191269,3,Ready-to-Wear Focus
C000724,6.0,2638.42,19.0,439.7366666666667,3.3333333333333335,0.1666666666666666,0.6666666666666666,0.7253015062044709,0.0,0.0844520584289082,0.1902464353666209,0,Accessory Collectors
C000725,1.0,1071.22,125.0,1071.22,2.0,1.0,1.0,1.0,0.0,0.0,0.0,0,Accessory Collectors
C000726,3.0,1198.19,134.0,399.3966666666667,3.6666666666666665,0.0,0.0,0.1547250436074412,0.8452749563925587,0.0,0.0,2,Beauty Regulars
C000727,0.0,0.0,0.0,0.0,0.0,0.0,0.0,0.0,0.0,0.0,0.0,1,Trend-Driven Newcomers
C000728,3.0,615.02,383.0,205.00666666666663,4.0,0.0,0.0,0.0,0.0,1.0,0.0,4,Loyal Shoppers
C000729,3.0,608.31,119.0,202.77,4.333333333333333,0.0,0.0,0.0,0.6929197284279397,0.0,0.3070802715720603,2,Beauty Regulars
C000730,10.0,2393.83,185.0,239.383,3.8,0.0,0.2,0.2703199475317796,0.5491450938454276,0.038498974446807,0.1420359841759857,2,Beauty Regulars
C000731,1.0,392.12,104.0,392.12,4.0,0.0,0.0,1.0,0.0,0.0,0.0,0,Accessory Collectors
C000732,4.0,698.1800000000001,57.0,174.54500000000002,5.25,0.25,0.25,0.2360566043140737,0.7639433956859262,0.0,0.0,2,Beauty Regulars
C000733,7.0,2137.45,143.0,305.34999999999997,3.857142857142857,0.1428571428571428,0.0,0.0,0.736396173009895,0.0,0.263603826990105,2,Beauty Regulars
C000734,4.0,1111.13,48.0,277.7825,3.75,0.25,0.0,0.0,0.8038393347313096,0.0449992350130047,0.1511614302556856,2,Beauty Regulars
C000735,8.0,1251.64,208.0,156.455,3.625,0.375,0.0,0.0454443769774056,0.3760506215844812,0.5785050014381132,0.0,4,Loyal Shoppers
C000736,6.0,3597.24,69.0,599.54,3.8333333333333335,0.0,0.8333333333333334,0.888564566167395,0.111435433832605,0.0,0.0,0,Accessory Collectors
C000737,3.0,1047.86,320.0,349.28666666666663,3.3333333333333335,0.0,0.0,0.0,0.7539747676216288,0.0477162979787376,0.1983089343996335,2,Beauty Regulars
C000738,9.0,5115.88,51.0,568.4311111111111,4.0,0.2222222222222222,0.1111111111111111,0.817851474233172,0.0164702846822052,0.1311993244563984,0.0344789166282242,0,Accessory Collectors
C000739,6.0,1293.59,29.0,215.59833333333333,2.8333333333333335,0.1666666666666666,1.0,0.5830208953377809,0.0,0.1228750995292171,0.2941040051330019,0,Accessory Collectors
C000740,2.0,602.98,239.0,301.49,3.5,0.0,0.0,0.7172874722213008,0.2827125277786991,0.0,0.0,0,Accessory Collectors
C000741,5.0,1041.32,283.0,208.264,2.8,0.0,0.0,0.1460646103023085,0.711779280144432,0.1421561095532593,0.0,2,Beauty Regulars
C000742,2.0,740.6,336.0,370.3,5.5,0.0,0.0,0.0,1.0,0.0,0.0,2,Beauty Regulars
C000743,5.0,1903.69,75.0,380.738,4.0,0.2,0.4,0.1746607903597749,0.0,0.5360956878483366,0.2892435217918884,4,Loyal Shoppers
C000744,3.0,1301.0,192.0,433.6666666666667,4.0,0.0,0.0,0.0,0.0,0.346272098385857,0.653727901614143,3,Ready-to-Wear Focus
C000745,2.0,758.25,268.0,379.125,3.5,0.0,0.0,0.0,0.0659413122321134,0.9340586877678866,0.0,4,Loyal Shoppers
C000746,4.0,766.46,186.0,191.615,4.5,0.0,0.75,0.0,0.721929389661561,0.2780706103384391,0.0,2,Beauty Regulars
C000747,6.0,2141.04,23.0,356.84,3.8333333333333335,0.0,0.8333333333333334,0.5755660800358704,0.1833968538654112,0.0,0.2410370660987184,0,Accessory Collectors
C000748,6.0,2192.94,12.0,365.49,4.166666666666667,0.0,0.0,0.3146597718131823,0.1634746048683502,0.4960053626638211,0.0258602606546462,4,Loyal Shoppers
C000749,2.0,579.01,124.0,289.505,3.5,0.0,1.0,1.0,0.0,0.0,0.0,0,Accessory Collectors
C000750,3.0,1263.83,81.0,421.27666666666664,3.3333333333333335,0.3333333333333333,0.0,0.5967574752933544,0.0,0.2200216801310303,0.1832208445756154,0,Accessory Collectors
C000751,8.0,1433.56,43.0,179.195,3.75,0.125,0.125,0.1712450124166411,0.6421217109852395,0.1866332765981193,0.0,2,Beauty Regulars
C000752,4.0,1205.15,61.0,301.2875,3.5,0.0,0.25,0.4719744430153922,0.0848359125420072,0.3135709247811475,0.1296187196614529,0,Accessory Collectors
C000753,3.0,866.79,298.0,288.93,4.333333333333333,0.3333333333333333,0.3333333333333333,0.0,1.0,0.0,0.0,2,Beauty Regulars
C000754,8.0,2213.08,28.0,276.635,3.25,0.0,0.0,0.4137627198293781,0.2930350461799844,0.1458148824263018,0.1473873515643357,2,Beauty Regulars
C000755,3.0,751.13,261.0,250.3766666666667,3.0,0.3333333333333333,0.0,0.522599283745823,0.3927682292013366,0.0846324870528403,0.0,2,Beauty Regulars
C000756,3.0,1294.4,209.0,431.4666666666667,4.0,0.3333333333333333,0.3333333333333333,0.0,0.0,0.8619437577255871,0.1380562422744128,4,Loyal Shoppers
C000757,6.0,1220.86,1.0,203.47666666666663,3.6666666666666665,0.0,0.5,0.48080861032387,0.0,0.4511000442311157,0.0680913454450141,0,Accessory Collectors
C000758,6.0,1631.33,3.0,271.8883333333333,4.666666666666667,0.0,0.3333333333333333,0.0,0.5706325513538033,0.3482618476948257,0.0811056009513709,2,Beauty Regulars
C000759,6.0,2762.94,139.0,460.49,3.5,0.1666666666666666,0.3333333333333333,0.174158686037337,0.2967853084033675,0.4769557066023873,0.0521002989569082,4,Loyal Shoppers
C000760,1.0,340.08,122.0,340.08,4.0,0.0,1.0,1.0,0.0,0.0,0.0,0,Accessory Collectors
C000761,5.0,1710.49,35.0,342.098,2.8,0.0,0.2,0.0,0.1877064466907143,0.0705294973954831,0.7417640559138025,3,Ready-to-Wear Focus
C000762,8.0,1543.33,8.0,192.91625,4.0,0.0,0.0,0.1002637154723876,0.3084304717720773,0.0879915507376905,0.5033142620178446,3,Ready-to-Wear Focus
C000763,6.0,2070.29,40.0,345.04833333333335,2.6666666666666665,0.0,0.3333333333333333,0.0,0.3057880779987345,0.54707311536065,0.1471388066406155,4,Loyal Shoppers
C000764,8.0,1325.97,77.0,165.74625,4.875,0.5,0.0,0.0,0.5905186391848986,0.3685528330203549,0.0409285277947464,2,Beauty Regulars
C000765,3.0,551.4300000000001,189.0,183.81000000000003,3.0,0.0,0.0,0.0,0.6945940554558149,0.0,0.3054059445441851,2,Beauty Regulars
C000766,5.0,1497.61,52.0,299.522,3.6,0.4,0.2,0.0367919551819231,0.5575283284700289,0.4056797163480478,0.0,2,Beauty Regulars
C000767,1.0,247.9,57.0,247.9,1.0,0.0,1.0,1.0,0.0,0.0,0.0,0,Accessory Collectors
C000768,2.0,259.69,35.0,129.845,5.5,0.5,0.0,0.0,0.7968731949632254,0.2031268050367746,0.0,2,Beauty Regulars
C000769,8.0,2762.23,10.0,345.27875,4.0,0.5,0.875,0.5512647389971147,0.078465587586841,0.1617606064665143,0.2085090669495299,0,Accessory Collectors
C000770,5.0,2778.7200000000003,95.0,555.744,3.6,0.2,0.8,0.0647528358380837,0.3253836298727471,0.084225830598261,0.525637703690908,3,Ready-to-Wear Focus
C000771,2.0,757.24,286.0,378.62,5.0,0.5,0.0,0.0,0.0,0.591384501611114,0.4086154983888859,4,Loyal Shoppers
C000772,1.0,98.32,70.0,98.32,7.0,0.0,1.0,0.0,1.0,0.0,0.0,2,Beauty Regulars
C000773,4.0,1374.16,134.0,343.53999999999996,3.5,0.0,0.75,0.8770667171217326,0.0,0.0,0.1229332828782674,0,Accessory Collectors
C000774,3.0,986.14,84.0,328.7133333333333,5.0,0.3333333333333333,0.6666666666666666,0.0,0.5065305129089176,0.0,0.4934694870910824,3,Ready-to-Wear Focus
C000775,10.0,2962.24,17.0,296.224,3.4,0.2,0.9,0.2136390029167117,0.2695527708760938,0.0,0.5168082262071946,3,Ready-to-Wear Focus
C000776,4.0,1840.78,93.0,460.195,5.0,0.0,0.0,0.0,0.8448266495724638,0.1551733504275361,0.0,2,Beauty Regulars
C000777,4.0,1773.77,9.0,443.4425,4.25,0.0,0.25,0.646104060842161,0.3538959391578389,0.0,0.0,0,Accessory Collectors
C000778,2.0,1569.94,90.0,784.97,1.0,0.0,0.5,1.0,0.0,0.0,0.0,0,Accessory Collectors
C000779,0.0,0.0,0.0,0.0,0.0,0.0,0.0,0.0,0.0,0.0,0.0,1,Trend-Driven Newcomers
C000780,4.0,504.89,33.0,126.2225,3.5,0.25,0.0,0.2451425062884984,0.7548574937115016,0.0,0.0,2,Beauty Regulars
C000781,4.0,1838.61,40.0,459.6525,3.75,0.0,0.75,0.3462180669092412,0.0,0.0723862047960143,0.5813957282947444,3,Ready-to-Wear Focus
C000782,1.0,228.6,540.0,228.6,7.0,0.0,0.0,0.0,0.0,1.0,0.0,4,Loyal Shoppers
C000783,0.0,0.0,0.0,0.0,0.0,0.0,0.0,0.0,0.0,0.0,0.0,1,Trend-Driven Newcomers
C000784,0.0,0.0,0.0,0.0,0.0,0.0,0.0,0.0,0.0,0.0,0.0,1,Trend-Driven Newcomers
C000785,0.0,0.0,0.0,0.0,0.0,0.0,0.0,0.0,0.0,0.0,0.0,1,Trend-Driven Newcomers
C000786,2.0,334.06,172.0,167.03,2.5,0.5,0.5,1.0,0.0,0.0,0.0,0,Accessory Collectors
C000787,2.0,394.80999999999995,14.0,197.40499999999997,3.0,0.0,0.0,0.0,0.8294116157138878,0.0,0.1705883842861123,2,Beauty Regulars
C000788,10.0,4806.24,2.0,480.624,3.6,0.3,0.1,0.1830308099470688,0.2032940510669463,0.6136751389859849,0.0,4,Loyal Shoppers
C000789,7.0,1284.87,84.0,183.5528571428571,3.2857142857142856,0.2857142857142857,0.7142857142857143,0.6749087456318539,0.0739452240304466,0.1865324896682154,0.064613540669484,0,Accessory Collectors
C000790,5.0,1913.43,94.0,382.686,3.2,0.2,0.8,0.4941022143480557,0.0,0.2259502568685554,0.279947528783389,0,Accessory Collectors
C000791,6.0,1839.88,70.0,306.6466666666667,3.1666666666666665,0.0,0.5,0.0804943800682653,0.3596375850598952,0.5598680348718393,0.0,4,Loyal Shoppers
C000792,6.0,1688.58,16.0,281.43,3.1666666666666665,0.0,0.5,0.6438309111798077,0.1555212071681531,0.0573854955050989,0.14326238614694,0,Accessory Collectors
C000793,5.0,1861.58,141.0,372.316,4.4,0.0,1.0,0.0,0.0,0.2732195232007219,0.726780476799278,3,Ready-to-Wear Focus
C000794,4.0,2518.77,301.0,629.6925,3.25,0.25,0.5,0.2443136927944989,0.7556863072055011,0.0,0.0,2,Beauty Regulars
C000795,2.0,899.3199999999999,118.0,449.66,5.5,0.0,0.0,0.0,0.680002668683005,0.319997331316995,0.0,2,Beauty Regulars
C000796,0.0,0.0,0.0,0.0,0.0,0.0,0.0,0.0,0.0,0.0,0.0,1,Trend-Driven Newcomers
C000797,4.0,1103.9699999999998,180.0,275.99249999999995,3.5,0.25,0.75,0.3040300008152395,0.0,0.0,0.6959699991847605,3,Ready-to-Wear Focus
C000798,5.0,2787.0,87.0,557.4,4.4,0.2,0.8,0.2110764262648008,0.0,0.5228238249013275,0.2660997488338715,4,Loyal Shoppers
C000799,4.0,1985.65,30.0,496.4125,4.25,0.25,0.5,0.0,1.0,0.0,0.0,2,Beauty Regulars
C000800,7.0,3179.95,7.0,454.2785714285714,3.2857142857142856,0.0,0.7142857142857143,0.0664161386185317,0.4453812166857969,0.0,0.4882026446956714,3,Ready-to-Wear Focus
C000801,2.0,701.75,173.0,350.875,4.0,0.5,0.5,0.0,0.0,0.0,1.0,3,Ready-to-Wear Focus
C000802,1.0,371.32,103.0,371.32,2.0,0.0,1.0,0.0,1.0,0.0,0.0,2,Beauty Regulars
C000803,1.0,74.0,469.0,74.0,3.0,0.0,0.0,0.0,0.0,0.0,1.0,3,Ready-to-Wear Focus
C000804,3.0,675.8100000000001,359.0,225.27,3.3333333333333335,0.0,0.3333333333333333,0.3012533108418046,0.0,0.0,0.6987466891581954,3,Ready-to-Wear Focus
C000805,0.0,0.0,0.0,0.0,0.0,0.0,0.0,0.0,0.0,0.0,0.0,1,Trend-Driven Newcomers
C000806,7.0,5746.36,78.0,820.9085714285713,3.5714285714285716,0.1428571428571428,0.4285714285714285,0.1347948962473635,0.4820599475146006,0.0342773512275597,0.3488678050104762,2,Beauty Regulars
C000807,8.0,3569.03,111.0,446.12875,3.375,0.0,0.75,0.1572668203965783,0.2037388309988988,0.223410842721972,0.4155835058825507,3,Ready-to-Wear Focus
C000808,2.0,370.88,167.0,185.44,3.5,0.5,1.0,0.0,0.6022972389991372,0.0,0.3977027610008628,3,Ready-to-Wear Focus
C000809,11.0,2313.22,2.0,210.2927272727273,3.5454545454545454,0.0,0.0,0.2601481916981523,0.2573469017214099,0.2085534449814544,0.2739514615989832,2,Beauty Regulars
C000810,2.0,1073.43,103.0,536.715,3.5,0.0,1.0,0.0745926609094212,0.9254073390905788,0.0,0.0,2,Beauty Regulars
C000811,5.0,1361.0,190.0,272.2,5.0,0.2,0.6,0.1543423952975753,0.0,0.3687582659808964,0.4768993387215283,3,Ready-to-Wear Focus
C000812,2.0,1223.17,207.0,611.585,2.5,0.0,0.0,0.0,0.870312385032334,0.0,0.1296876149676659,2,Beauty Regulars
C000813,1.0,224.3,206.0,224.3,1.0,1.0,1.0,0.0,0.0,1.0,0.0,4,Loyal Shoppers
C000814,2.0,188.69,33.0,94.345,3.5,0.5,0.0,0.0,0.3835391382691187,0.6164608617308813,0.0,4,Loyal Shoppers
C000815,3.0,491.46,477.0,163.82,3.6666666666666665,0.0,0.3333333333333333,0.7694013754934278,0.0,0.2305986245065722,0.0,0,Accessory Collectors
C000816,7.0,1934.33,9.0,276.3328571428571,4.571428571428571,0.0,0.7142857142857143,0.0,0.2939622504950034,0.3482756303216101,0.3577621191833865,3,Ready-to-Wear Focus
C000817,7.0,3140.79,57.0,448.6842857142857,3.857142857142857,0.1428571428571428,1.0,0.0965712448142028,0.1102174930511113,0.1171456862763827,0.6760655758583032,3,Ready-to-Wear Focus
C000818,6.0,3134.54,108.0,522.4233333333333,4.5,0.3333333333333333,0.3333333333333333,0.0312390334785965,0.0,0.1510365157247953,0.8177244507966082,3,Ready-to-Wear Focus
C000819,0.0,0.0,0.0,0.0,0.0,0.0,0.0,0.0,0.0,0.0,0.0,1,Trend-Driven Newcomers
C000820,1.0,1294.55,293.0,1294.55,5.0,0.0,0.0,0.0,1.0,0.0,0.0,2,Beauty Regulars
C000821,3.0,2330.94,263.0,776.98,3.3333333333333335,0.3333333333333333,1.0,1.0,0.0,0.0,0.0,0,Accessory Collectors
C000822,4.0,2574.8999999999996,138.0,643.7249999999999,3.5,0.0,0.25,0.3321449376674822,0.3266262767486115,0.3412287855839062,0.0,2,Beauty Regulars
C000823,2.0,1736.73,360.0,868.365,3.5,0.5,0.5,0.0,0.0,0.2819263788844552,0.7180736211155446,3,Ready-to-Wear Focus
C000824,0.0,0.0,0.0,0.0,0.0,0.0,0.0,0.0,0.0,0.0,0.0,1,Trend-Driven Newcomers
C000825,7.0,3113.93,9.0,444.8471428571429,4.142857142857143,0.2857142857142857,0.7142857142857143,0.40122931472448,0.206048305517465,0.316834354015665,0.0758880257423898,0,Accessory Collectors
C000826,4.0,1814.97,115.0,453.7425,3.25,0.0,0.25,0.053306666225888,0.0,0.0,0.946693333774112,3,Ready-to-Wear Focus
C000827,0.0,0.0,0.0,0.0,0.0,0.0,0.0,0.0,0.0,0.0,0.0,1,Trend-Driven Newcomers
C000828,6.0,2787.81,72.0,464.635,3.1666666666666665,0.3333333333333333,0.6666666666666666,0.5827800316377372,0.0,0.3215570645058307,0.0956629038564321,0,Accessory Collectors
C000829,0.0,0.0,0.0,0.0,0.0,0.0,0.0,0.0,0.0,0.0,0.0,1,Trend-Driven Newcomers
C000830,0.0,0.0,0.0,0.0,0.0,0.0,0.0,0.0,0.0,0.0,0.0,1,Trend-Driven Newcomers
C000831,8.0,2359.45,95.0,294.93125,3.375,0.125,0.875,0.4561062959588039,0.2084892665663608,0.0677996990824132,0.2676047383924219,0,Accessory Collectors
C000832,0.0,0.0,0.0,0.0,0.0,0.0,0.0,0.0,0.0,0.0,0.0,1,Trend-Driven Newcomers
C000833,1.0,541.94,113.0,541.94,5.0,0.0,0.0,0.0,1.0,0.0,0.0,2,Beauty Regulars
C000834,5.0,1936.04,46.0,387.208,2.2,0.0,0.4,0.2795396789322535,0.0,0.0,0.7204603210677465,3,Ready-to-Wear Focus
C000835,7.0,5330.79,19.0,761.5414285714286,3.2857142857142856,0.1428571428571428,1.0,0.0,0.0,0.0,1.0,3,Ready-to-Wear Focus
C000836,4.0,2105.6200000000003,125.0,526.4050000000001,3.25,0.25,0.25,0.1304318917943408,0.1820888859338342,0.0,0.687479222271825,3,Ready-to-Wear Focus
C000837,3.0,1122.09,233.0,374.03,3.3333333333333335,0.0,0.3333333333333333,0.0607794383694712,0.9392205616305288,0.0,0.0,2,Beauty Regulars
C000838,5.0,2923.15,151.0,584.63,3.4,0.0,0.8,0.204519097548877,0.150782546225818,0.1067033850469527,0.5379949711783522,3,Ready-to-Wear Focus
C000839,6.0,1115.01,10.0,185.835,2.1666666666666665,0.0,0.0,0.0,0.1136133308221451,0.3022842844458793,0.5841023847319755,3,Ready-to-Wear Focus
C000840,4.0,3015.12,30.0,753.78,3.5,0.0,1.0,0.0,0.830099631192125,0.0,0.1699003688078749,2,Beauty Regulars
C000841,5.0,1873.1,85.0,374.62,4.0,0.0,1.0,0.2189578773156799,0.0,0.0,0.7810421226843202,3,Ready-to-Wear Focus
C000842,2.0,852.26,9.0,426.13,6.5,0.0,0.0,0.0,1.0,0.0,0.0,2,Beauty Regulars
C000843,8.0,2128.65,28.0,266.08125,3.875,0.0,0.25,0.1745049679374251,0.4077232048481432,0.2713503863951331,0.1464214408192986,2,Beauty Regulars
C000844,1.0,1013.04,61.0,1013.04,6.0,0.0,1.0,0.0,0.0,1.0,0.0,4,Loyal Shoppers
C000845,1.0,1388.31,150.0,1388.31,7.0,0.0,1.0,0.0,0.0,1.0,0.0,4,Loyal Shoppers
C000846,0.0,0.0,0.0,0.0,0.0,0.0,0.0,0.0,0.0,0.0,0.0,1,Trend-Driven Newcomers
C000847,3.0,3109.15,76.0,1036.3833333333334,3.3333333333333335,0.3333333333333333,0.6666666666666666,0.5459498576781435,0.0,0.0,0.4540501423218565,0,Accessory Collectors
C000848,6.0,1392.11,183.0,232.01833333333337,3.6666666666666665,0.1666666666666666,0.6666666666666666,0.4255123517538125,0.0799218452564811,0.0,0.4945658029897062,3,Ready-to-Wear Focus
C000849,5.0,1521.96,14.0,304.392,2.8,0.2,0.6,0.084529159767668,0.0,0.1909182895739704,0.7245525506583615,3,Ready-to-Wear Focus
C000850,2.0,517.67,19.0,258.835,5.5,0.0,1.0,0.0,0.2739003612339907,0.0,0.7260996387660092,3,Ready-to-Wear Focus
C000851,4.0,1428.52,33.0,357.13,4.25,0.0,0.5,0.0,0.0,1.0,0.0,4,Loyal Shoppers
C000852,7.0,3474.2799999999997,5.0,496.32571428571424,2.7142857142857144,0.0,0.4285714285714285,0.0307056426079648,0.591328275210979,0.3779660821810562,0.0,2,Beauty Regulars
C000853,5.0,1562.52,163.0,312.504,6.4,0.2,0.0,0.0,0.538489107339426,0.4615108926605739,0.0,2,Beauty Regulars
C000854,2.0,499.66,305.0,249.83,5.5,0.5,1.0,0.0,0.0,1.0,0.0,4,Loyal Shoppers
C000855,4.0,3861.04,175.0,965.26,3.5,0.0,1.0,0.4433287404429895,0.0,0.0,0.5566712595570106,3,Ready-to-Wear Focus
C000856,7.0,1380.99,2.0,197.28428571428572,4.285714285714286,0.1428571428571428,0.0,0.07462762221305,0.5776290921730064,0.3477432856139436,0.0,2,Beauty Regulars
C000857,7.0,2081.84,33.0,297.4057142857143,4.428571428571429,0.0,0.1428571428571428,0.3432204203973408,0.3635149675287245,0.0,0.2932646120739345,2,Beauty Regulars
C000858,10.0,2380.49,27.0,238.04900000000004,3.5,0.0,0.1,0.0842935698112573,0.5941591857138656,0.2356069548706358,0.0859402896042411,2,Beauty Regulars
C000859,6.0,2410.75,58.0,401.7916666666667,3.1666666666666665,0.0,0.8333333333333334,0.0,0.0697666701234055,0.5700051851083687,0.3602281447682257,4,Loyal Shoppers
C000860,2.0,609.14,77.0,304.57,3.5,0.0,1.0,0.2921495879436583,0.0,0.7078504120563418,0.0,4,Loyal Shoppers
C000861,1.0,427.0,15.0,427.0,4.0,0.0,1.0,0.0,0.0,0.0,1.0,3,Ready-to-Wear Focus
C000862,8.0,2046.33,100.0,255.79125,3.875,0.125,0.0,0.0984982871775324,0.2665210401059458,0.4027258555560442,0.2322548171604775,4,Loyal Shoppers
C000863,7.0,4575.68,4.0,653.6685714285715,3.4285714285714284,0.1428571428571428,0.8571428571428571,0.4069930589551717,0.0,0.5930069410448282,0.0,4,Loyal Shoppers
C000864,3.0,1636.78,102.0,545.5933333333334,4.666666666666667,0.0,0.6666666666666666,0.0,0.0,0.5042033749190483,0.4957966250809516,3,Ready-to-Wear Focus
C000865,6.0,1413.99,129.0,235.665,3.6666666666666665,0.0,0.1666666666666666,0.2600371996973104,0.5128183367633434,0.2271444635393461,0.0,2,Beauty Regulars
C000866,2.0,890.52,112.0,445.26,3.5,0.0,1.0,0.6517652607465301,0.0,0.0,0.3482347392534699,0,Accessory Collectors
C000867,6.0,575.98,7.0,95.99666666666668,3.5,0.1666666666666666,0.0,0.3146116184589742,0.5985798117990208,0.0868085697420049,0.0,2,Beauty Regulars
C000868,9.0,4357.37,172.0,484.15222222222224,2.888888888888889,0.0,0.8888888888888888,0.1509236075889814,0.0678367914590682,0.0482814174605323,0.732958183491418,3,Ready-to-Wear Focus
C000869,3.0,384.31,108.0,128.10333333333332,3.3333333333333335,0.0,0.3333333333333333,0.0,0.6213213291353334,0.0,0.3786786708646665,2,Beauty Regulars
C000870,5.0,3417.74,173.0,683.548,3.6,0.0,0.6,0.0940416766635262,0.2328351483729014,0.0,0.6731231749635724,3,Ready-to-Wear Focus
C000871,5.0,2500.6800000000003,0.0,500.1360000000001,2.6,0.4,1.0,0.0,0.5618391797431098,0.2347121582929443,0.2034486619639458,2,Beauty Regulars
C000872,1.0,147.14,350.0,147.14,4.0,0.0,1.0,1.0,0.0,0.0,0.0,0,Accessory Collectors
C000873,4.0,983.93,19.0,245.9825,4.0,0.0,0.5,0.4705009502708526,0.2827640177654915,0.2467350319636559,0.0,0,Accessory Collectors
C000874,6.0,3325.54,47.0,554.2566666666667,3.6666666666666665,0.1666666666666666,0.8333333333333334,0.1664782260926045,0.4026082982011943,0.0,0.4309134757062011,3,Ready-to-Wear Focus
C000875,4.0,1223.02,223.0,305.755,4.0,0.0,0.25,0.0,1.0,0.0,0.0,2,Beauty Regulars
C000876,8.0,2636.78,150.0,329.5975,4.0,0.375,0.25,0.1763780065079377,0.2629115815502241,0.5607104119418382,0.0,4,Loyal Shoppers
C000877,4.0,1813.4,101.0,453.35,4.75,0.25,0.0,0.0,0.4474247270320944,0.0,0.5525752729679057,3,Ready-to-Wear Focus
C000878,0.0,0.0,0.0,0.0,0.0,0.0,0.0,0.0,0.0,0.0,0.0,1,Trend-Driven Newcomers
C000879,7.0,4735.79,46.0,676.5414285714286,3.142857142857143,0.0,0.4285714285714285,0.061706705744976,0.687431241672456,0.0,0.250862052582568,2,Beauty Regulars
C000880,3.0,1042.07,42.0,347.3566666666666,3.0,0.0,1.0,0.2951433205063,0.0,0.0,0.7048566794937001,3,Ready-to-Wear Focus
C000881,6.0,4142.19,11.0,690.3649999999999,3.5,0.1666666666666666,0.8333333333333334,0.208602212839102,0.0,0.7589970522839368,0.0324007348769612,4,Loyal Shoppers
C000882,7.0,2276.67,3.0,325.23857142857145,3.2857142857142856,0.0,0.5714285714285714,0.4123478589343207,0.0,0.4973711605107459,0.0902809805549332,4,Loyal Shoppers
C000883,3.0,378.02,16.0,126.00666666666666,3.3333333333333335,0.0,0.6666666666666666,0.0,0.5897571557060474,0.0,0.4102428442939527,2,Beauty Regulars
C000884,0.0,0.0,0.0,0.0,0.0,0.0,0.0,0.0,0.0,0.0,0.0,1,Trend-Driven Newcomers
C000885,0.0,0.0,0.0,0.0,0.0,0.0,0.0,0.0,0.0,0.0,0.0,1,Trend-Driven Newcomers
C000886,3.0,563.72,420.0,187.90666666666667,5.0,0.3333333333333333,0.0,0.0,0.7680586106577734,0.0,0.2319413893422266,2,Beauty Regulars
C000887,3.0,901.4,268.0,300.4666666666667,3.6666666666666665,0.0,0.3333333333333333,0.0,0.5777901042822277,0.4222098957177723,0.0,2,Beauty Regulars
C000888,1.0,803.27,359.0,803.27,6.0,0.0,1.0,0.0,0.0,1.0,0.0,4,Loyal Shoppers
C000889,0.0,0.0,0.0,0.0,0.0,0.0,0.0,0.0,0.0,0.0,0.0,1,Trend-Driven Newcomers
C000890,3.0,407.37,68.0,135.79,4.333333333333333,0.0,1.0,0.0,0.0,1.0,0.0,4,Loyal Shoppers
C000891,7.0,1552.13,34.0,221.73285714285717,4.142857142857143,0.4285714285714285,0.0,0.4958798554244812,0.2183579983635391,0.2857621462119797,0.0,0,Accessory Collectors
C000892,7.0,1609.33,22.0,229.9042857142857,4.142857142857143,0.0,0.2857142857142857,0.1688031665351419,0.5147856561426184,0.2425357136199536,0.073875463702286,2,Beauty Regulars
C000893,0.0,0.0,0.0,0.0,0.0,0.0,0.0,0.0,0.0,0.0,0.0,1,Trend-Driven Newcomers
C000894,3.0,540.1700000000001,83.0,180.0566666666667,4.0,0.0,0.0,0.3329692504211637,0.3784919562359997,0.2885387933428365,0.0,2,Beauty Regulars
C000895,7.0,3646.79,24.0,520.97,3.857142857142857,0.0,0.1428571428571428,0.0742982184331974,0.2382451416176966,0.687456639949106,0.0,4,Loyal Shoppers
C000896,1.0,306.02,309.0,306.02,4.0,0.0,0.0,0.0,0.0,0.0,1.0,3,Ready-to-Wear Focus
C000897,2.0,1129.09,120.0,564.5450000000001,3.0,0.0,0.5,0.0,0.0,0.4791469236287629,0.520853076371237,3,Ready-to-Wear Focus
C000898,8.0,3104.94,15.0,388.1175,3.0,0.0,0.375,0.1585666711756105,0.5401006138604932,0.0553955954060303,0.2459371195578658,2,Beauty Regulars
C000899,3.0,950.28,92.0,316.76,2.6666666666666665,0.0,0.3333333333333333,0.4731026644778381,0.0,0.526897335522162,0.0,4,Loyal Shoppers
C000900,2.0,550.82,6.0,275.41,2.0,0.0,1.0,0.0,0.0,1.0,0.0,4,Loyal Shoppers
C000901,6.0,1621.39,19.0,270.2316666666667,2.5,0.3333333333333333,0.0,0.2172518641412615,0.6145961181455418,0.0,0.1681520177131967,2,Beauty Regulars
C000902,5.0,2224.16,77.0,444.832,3.4,0.0,0.6,0.6809312279692109,0.0,0.3190687720307891,0.0,0,Accessory Collectors
C000903,2.0,187.29,5.0,93.645,3.5,0.0,0.0,0.0,0.4296545464253297,0.5703454535746703,0.0,4,Loyal Shoppers
C000904,10.0,3541.8900000000003,49.0,354.189,4.0,0.1,0.3,0.3324072740824814,0.0,0.3280790764252984,0.3395136494922202,3,Ready-to-Wear Focus
C000905,3.0,2060.81,32.0,686.9366666666666,4.333333333333333,0.0,0.6666666666666666,0.5332223737268356,0.0,0.3139154021962238,0.1528622240769406,0,Accessory Collectors
C000906,8.0,5861.26,30.0,732.6575,3.5,0.0,0.875,0.3323807508965649,0.0,0.1560312970248717,0.5115879520785632,3,Ready-to-Wear Focus
C000907,2.0,349.8,394.0,174.9,2.0,0.0,1.0,0.4642652944539737,0.0,0.5357347055460263,0.0,4,Loyal Shoppers
C000908,0.0,0.0,0.0,0.0,0.0,0.0,0.0,0.0,0.0,0.0,0.0,1,Trend-Driven Newcomers
C000909,0.0,0.0,0.0,0.0,0.0,0.0,0.0,0.0,0.0,0.0,0.0,1,Trend-Driven Newcomers
C000910,6.0,2777.1400000000003,33.0,462.85666666666674,3.3333333333333335,0.0,1.0,0.7917461849240585,0.1836673700281584,0.0245864450477829,0.0,0,Accessory Collectors
C000911,10.0,3069.85,11.0,306.985,2.9,0.1,0.0,0.3125853054709513,0.2466537452970014,0.3236835676010228,0.1170773816310243,2,Beauty Regulars
C000912,1.0,328.05,300.0,328.05,4.0,0.0,0.0,0.0,0.0,0.0,1.0,3,Ready-to-Wear Focus
C000913,2.0,301.21000000000004,315.0,150.60500000000002,2.5,0.5,0.0,0.0,1.0,0.0,0.0,2,Beauty Regulars
C000914,3.0,713.35,285.0,237.78333333333333,4.0,0.0,0.6666666666666666,0.2914277703791967,0.0,0.5732249246512933,0.13534730496951,4,Loyal Shoppers
C000915,3.0,829.3599999999999,378.0,276.4533333333333,2.0,0.0,0.6666666666666666,0.4159713514034919,0.0806766663451336,0.5033519822513746,0.0,4,Loyal Shoppers
C000916,2.0,581.35,130.0,290.675,3.0,0.0,0.5,0.0,1.0,0.0,0.0,2,Beauty Regulars
C000917,8.0,2128.31,131.0,266.03875,4.125,0.125,0.5,0.4462084940633647,0.173470969924494,0.0,0.380320536012141,3,Ready-to-Wear Focus
C000918,7.0,4334.51,74.0,619.2157142857143,4.0,0.0,0.7142857142857143,0.4339729288893093,0.0555103114308191,0.1928176425939725,0.3176991170858989,0,Accessory Collectors
C000919,3.0,469.75,12.0,156.58333333333334,3.6666666666666665,0.0,0.0,0.3145290047897818,0.3452261841405002,0.3402448110697179,0.0,2,Beauty Regulars
C000920,2.0,692.66,97.0,346.33,4.5,0.0,0.0,0.3068171974706205,0.6931828025293795,0.0,0.0,2,Beauty Regulars
C000921,3.0,2095.32,30.0,698.44,4.333333333333333,0.3333333333333333,0.3333333333333333,0.0,0.1737157092950002,0.7961886489891759,0.0300956417158238,4,Loyal Shoppers
C000922,2.0,1063.34,304.0,531.6700000000001,2.5,0.5,0.5,0.2949291853969567,0.0,0.0,0.7050708146030432,3,Ready-to-Wear Focus
C000923,4.0,985.59,68.0,246.3975,4.0,0.0,0.75,0.0,0.1623900404833653,0.8376099595166348,0.0,4,Loyal Shoppers
C000924,5.0,1150.39,138.0,230.07799999999995,4.4,0.0,1.0,0.4847834212745243,0.0610575543945966,0.1886056033171359,0.2655534210137432,0,Accessory Collectors
C000925,3.0,795.57,154.0,265.19,3.3333333333333335,0.3333333333333333,1.0,0.4445491911459708,0.0,0.5554508088540292,0.0,4,Loyal Shoppers
C000926,0.0,0.0,0.0,0.0,0.0,0.0,0.0,0.0,0.0,0.0,0.0,1,Trend-Driven Newcomers
C000927,3.0,1019.86,34.0,339.9533333333333,3.3333333333333335,0.0,0.3333333333333333,0.243347126076128,0.0,0.7566528739238719,0.0,4,Loyal Shoppers
C000928,1.0,340.88,411.0,340.88,2.0,0.0,0.0,0.0,1.0,0.0,0.0,2,Beauty Regulars
C000929,7.0,2081.46,2.0,297.3514285714286,3.2857142857142856,0.0,1.0,0.2524526053827602,0.1366300577479269,0.0,0.6109173368693128,3,Ready-to-Wear Focus
C000930,1.0,490.05,230.0,490.05,8.0,0.0,0.0,0.0,1.0,0.0,0.0,2,Beauty Regulars
C000931,1.0,895.3,493.0,895.3,4.0,0.0,1.0,0.0,0.0,0.0,1.0,3,Ready-to-Wear Focus
C000932,6.0,1515.88,63.0,252.64666666666668,3.6666666666666665,0.1666666666666666,0.1666666666666666,0.0,0.032984141224899,0.924149668839222,0.0428661899358788,4,Loyal Shoppers
C000933,12.0,3912.18,0.0,326.015,3.5,0.1666666666666666,0.8333333333333334,0.3203405773762965,0.2145939092782029,0.3131246517287037,0.1519408616167967,0,Accessory Collectors
C000934,10.0,4959.67,80.0,495.967,3.9,0.3,0.3,0.0669782465365639,0.1560869977236388,0.5634528103684318,0.2134819453713654,4,Loyal Shoppers
C000935,4.0,2715.12,251.0,678.78,2.5,0.0,0.75,0.1181494740563953,0.0,0.1800546568844102,0.7017958690591944,3,Ready-to-Wear Focus
C000936,5.0,900.0,24.0,180.0,4.6,0.0,0.0,0.0,0.0555555555555555,0.7875,0.1569444444444444,4,Loyal Shoppers
C000937,1.0,311.17,21.0,311.17,2.0,0.0,0.0,0.0,0.0,0.0,1.0,3,Ready-to-Wear Focus
C000938,0.0,0.0,0.0,0.0,0.0,0.0,0.0,0.0,0.0,0.0,0.0,1,Trend-Driven Newcomers
C000939,9.0,2210.52,12.0,245.61333333333337,4.111111111111111,0.1111111111111111,0.2222222222222222,0.2545192986265675,0.2306380399182093,0.4230904945442701,0.091752166910953,4,Loyal Shoppers
C000940,4.0,1104.21,120.0,276.0525,4.5,0.25,0.5,0.5824345006837468,0.3642966464712329,0.0532688528450204,0.0,0,Accessory Collectors
C000941,5.0,3084.3199999999997,190.0,616.8639999999999,4.8,0.0,0.0,0.0909698085801732,0.9090301914198268,0.0,0.0,2,Beauty Regulars
C000942,5.0,3394.2,162.0,678.8399999999999,3.4,0.2,0.4,0.0,0.104743385775735,0.895256614224265,0.0,4,Loyal Shoppers
C000943,0.0,0.0,0.0,0.0,0.0,0.0,0.0,0.0,0.0,0.0,0.0,1,Trend-Driven Newcomers
C000944,6.0,1670.2,58.0,278.3666666666667,3.8333333333333335,0.0,0.8333333333333334,0.6337863728894743,0.1851275296371692,0.0,0.1810860974733564,0,Accessory Collectors
C000945,5.0,1133.86,13.0,226.772,3.6,0.2,1.0,0.5698587127158555,0.0,0.4301412872841444,0.0,0,Accessory Collectors
C000946,1.0,481.02,459.0,481.02,3.0,1.0,0.0,0.0,0.0,1.0,0.0,4,Loyal Shoppers
C000947,8.0,2499.12,8.0,312.39,4.125,0.125,0.5,0.1255682000064022,0.6739772399884759,0.0,0.2004545600051218,2,Beauty Regulars
C000948,1.0,542.17,242.0,542.17,7.0,0.0,1.0,0.0,0.0,1.0,0.0,4,Loyal Shoppers
C000949,4.0,908.42,138.0,227.105,3.0,0.25,0.0,0.4034587525593888,0.0949780938332489,0.4078950265295789,0.0936681270777834,4,Loyal Shoppers
C000950,6.0,1613.03,140.0,268.8383333333333,4.166666666666667,0.3333333333333333,0.6666666666666666,0.8222227732900192,0.0,0.1175489606516927,0.0602282660582878,0,Accessory Collectors
C000951,8.0,1963.03,16.0,245.37875,3.0,0.0,0.0,0.1222854464781485,0.3728623607382464,0.3200562395887989,0.184795953194806,2,Beauty Regulars
C000952,5.0,1608.26,142.0,321.652,3.0,0.8,0.6,0.0310895004539067,0.4561948938604455,0.0606369616852996,0.4520786440003482,3,Ready-to-Wear Focus
C000953,7.0,2700.5299999999997,4.0,385.79,3.2857142857142856,0.2857142857142857,0.7142857142857143,0.6402039599634146,0.3597960400365854,0.0,0.0,0,Accessory Collectors
C000954,9.0,2379.08,81.0,264.34222222222223,3.5555555555555554,0.1111111111111111,0.1111111111111111,0.0,0.9114447601593894,0.0,0.0885552398406106,2,Beauty Regulars
C000955,6.0,1342.08,126.0,223.68,4.333333333333333,0.0,0.0,0.1272874940391035,0.8311799594659037,0.0415325464949928,0.0,2,Beauty Regulars
C000956,3.0,628.4200000000001,190.0,209.47333333333336,4.0,0.0,0.3333333333333333,0.119394672352885,0.4800292797810381,0.4005760478660767,0.0,2,Beauty Regulars
C000957,2.0,764.4,6.0,382.2,4.5,0.0,1.0,0.0,0.0,0.2466248037676609,0.7533751962323391,3,Ready-to-Wear Focus
C000958,4.0,1275.59,147.0,318.89750000000004,3.5,0.0,0.25,0.5585180191127243,0.0589531118933199,0.3825288689939557,0.0,0,Accessory Collectors
C000959,4.0,795.7,136.0,198.925,3.25,0.0,0.0,0.0,1.0,0.0,0.0,2,Beauty Regulars
C000960,2.0,359.97,191.0,179.985,5.0,0.0,0.0,0.0,1.0,0.0,0.0,2,Beauty Regulars
C000961,8.0,2453.01,0.0,306.62625,3.5,0.375,0.625,0.0317365196228307,0.0831998238898333,0.0,0.885063656487336,3,Ready-to-Wear Focus
C000962,5.0,1622.4299999999998,86.0,324.486,3.6,0.0,1.0,0.073050917450984,0.0,0.0,0.926949082549016,3,Ready-to-Wear Focus
C000963,5.0,1226.72,71.0,245.344,3.8,0.2,0.0,0.6139542845963218,0.0,0.321899047867484,0.064146667536194,0,Accessory Collectors
C000964,2.0,486.05,154.0,243.025,2.5,0.0,0.0,0.0,0.0,0.6831601687069232,0.3168398312930768,4,Loyal Shoppers
C000965,3.0,1266.79,34.0,422.2633333333333,4.666666666666667,0.0,1.0,0.6625723284838055,0.0,0.1463778526827651,0.1910498188334294,0,Accessory Collectors
C000966,5.0,1068.8,53.0,213.76,4.2,0.4,0.0,0.0,0.4383701347305389,0.1952002245508981,0.3664296407185628,2,Beauty Regulars
C000967,3.0,962.95,18.0,320.98333333333335,3.3333333333333335,0.0,0.3333333333333333,0.2957578275092165,0.3576198141128823,0.3466223583779012,0.0,2,Beauty Regulars
C000968,3.0,1483.8200000000002,171.0,494.60666666666674,5.666666666666667,0.0,1.0,0.0,0.641674866223666,0.358325133776334,0.0,2,Beauty Regulars
C000969,3.0,953.58,40.0,317.85999999999996,3.3333333333333335,0.0,1.0,0.0,0.0,0.2695106860462677,0.7304893139537323,3,Ready-to-Wear Focus
C000970,1.0,410.3,413.0,410.3,4.0,0.0,0.0,0.0,1.0,0.0,0.0,2,Beauty Regulars
C000971,8.0,1807.12,79.0,225.89,3.375,0.125,0.25,0.2574040462171854,0.5357087520474568,0.2068872017353579,0.0,2,Beauty Regulars
C000972,1.0,970.48,288.0,970.48,4.0,0.0,0.0,1.0,0.0,0.0,0.0,0,Accessory Collectors
C000973,0.0,0.0,0.0,0.0,0.0,0.0,0.0,0.0,0.0,0.0,0.0,1,Trend-Driven Newcomers
C000974,4.0,886.83,212.0,221.7075,4.0,0.25,1.0,0.2316904028957072,0.2682588545719022,0.300722799183609,0.1993279433487816,0,Accessory Collectors
C000975,5.0,862.96,74.0,172.592,3.2,0.0,0.2,0.1747705571521275,0.3440599796050802,0.4232293501436915,0.0579401130991007,4,Loyal Shoppers
C000976,4.0,2420.1400000000003,165.0,605.0350000000001,3.25,0.0,0.5,0.0,1.0,0.0,0.0,2,Beauty Regulars
C000977,8.0,6958.45,131.0,869.80625,3.75,0.25,0.875,0.292180011353103,0.0630973851935416,0.2447226034533552,0.4,3,Ready-to-Wear Focus
C000978,2.0,854.25,197.0,427.125,3.0,0.0,0.0,0.6195961369622476,0.0,0.3804038630377523,0.0,0,Accessory Collectors
C000979,4.0,1796.49,3.0,449.1225,3.5,0.25,0.75,1.0,0.0,0.0,0.0,0,Accessory Collectors
C000980,8.0,2759.17,5.0,344.89625,3.0,0.25,0.625,0.4031031070937999,0.0,0.0,0.5968968929062001,3,Ready-to-Wear Focus
C000981,3.0,1135.97,298.0,378.6566666666667,2.6666666666666665,0.0,0.3333333333333333,0.4924161729623141,0.0,0.5075838270376859,0.0,4,Loyal Shoppers
C000982,2.0,1129.05,109.0,564.525,4.0,0.0,0.5,0.0,0.0,0.0,1.0,3,Ready-to-Wear Focus
C000983,0.0,0.0,0.0,0.0,0.0,0.0,0.0,0.0,0.0,0.0,0.0,1,Trend-Driven Newcomers
C000984,7.0,2512.7200000000003,65.0,358.96000000000004,3.5714285714285716,0.1428571428571428,0.5714285714285714,0.4784058709287147,0.0,0.5215941290712853,0.0,4,Loyal Shoppers
C000985,8.0,2797.65,12.0,349.70625,3.5,0.25,0.5,0.0474684109877933,0.7513806230228942,0.0,0.2011509659893124,2,Beauty Regulars
C000986,3.0,386.87,156.0,128.95666666666668,4.0,0.0,0.0,0.3238038617623491,0.6761961382376509,0.0,0.0,2,Beauty Regulars
C000987,6.0,1140.71,13.0,190.11833333333337,4.0,0.0,0.1666666666666666,0.0,0.3119899010265536,0.5530239938284052,0.1349861051450412,4,Loyal Shoppers
C000988,8.0,1398.24,1.0,174.78,3.5,0.0,0.125,0.0357592401876644,0.5219704771713011,0.0722551207231948,0.3700151619178395,2,Beauty Regulars
C000989,5.0,1935.58,17.0,387.116,3.2,0.2,1.0,0.1659450913937941,0.0,0.0,0.8340549086062059,3,Ready-to-Wear Focus
C000990,4.0,1506.83,327.0,376.7075,3.0,0.0,0.25,0.1397237910049574,0.0,0.8602762089950425,0.0,4,Loyal Shoppers
C000991,3.0,636.75,250.0,212.25,3.3333333333333335,0.3333333333333333,0.0,0.2075539850804868,0.2706713780918728,0.5217746368276404,0.0,4,Loyal Shoppers
C000992,1.0,450.78,439.0,450.78,7.0,1.0,0.0,0.0,0.0,1.0,0.0,4,Loyal Shoppers
C000993,5.0,1002.68,169.0,200.536,3.8,0.0,0.2,0.0,0.3361192005425459,0.1025850720070211,0.5612957274504328,3,Ready-to-Wear Focus
C000994,1.0,344.75,88.0,344.75,3.0,0.0,0.0,0.0,1.0,0.0,0.0,2,Beauty Regulars
C000995,12.0,2760.12,23.0,230.01,3.8333333333333335,0.1666666666666666,0.0833333333333333,0.1705831630508818,0.4999855078764691,0.1564388504847615,0.1729924785878875,2,Beauty Regulars
C000996,8.0,4066.56,40.0,508.32,3.5,0.0,0.75,0.6470530374567202,0.058361366855524,0.0,0.2945855956877558,0,Accessory Collectors
C000997,1.0,937.08,399.0,937.08,4.0,0.0,0.0,1.0,0.0,0.0,0.0,0,Accessory Collectors
C000998,3.0,891.8599999999999,159.0,297.28666666666663,4.0,0.0,0.0,0.0,0.3904985087345547,0.5336712040006278,0.0758302872648173,4,Loyal Shoppers
C000999,1.0,206.3,408.0,206.3,3.0,1.0,0.0,0.0,1.0,0.0,0.0,2,Beauty Regulars
C001000,7.0,2029.85,27.0,289.9785714285714,3.857142857142857,0.0,0.0,0.5580116757395868,0.3126684237751558,0.1293199004852575,0.0,0,Accessory Collectors
C001001,3.0,917.58,37.0,305.85999999999996,4.333333333333333,0.0,0.3333333333333333,0.0,0.8337692626256021,0.1662307373743979,0.0,2,Beauty Regulars
C001002,8.0,3365.33,47.0,420.66625,3.375,0.0,0.25,0.5624589564767793,0.0316462278587835,0.1570841492513364,0.2488106664131006,0,Accessory Collectors
C001003,7.0,2244.83,43.0,320.69,2.5714285714285716,0.1428571428571428,0.2857142857142857,0.1380015413193872,0.4965053032969089,0.3654931553837039,0.0,2,Beauty Regulars
C001004,9.0,4058.51,78.0,450.9455555555556,3.7777777777777777,0.1111111111111111,0.4444444444444444,0.0492791689560947,0.2926714483886943,0.1083575006591088,0.549691881996102,3,Ready-to-Wear Focus
C001005,0.0,0.0,0.0,0.0,0.0,0.0,0.0,0.0,0.0,0.0,0.0,1,Trend-Driven Newcomers
C001006,4.0,1701.92,76.0,425.48,3.5,0.0,0.5,0.0394789414308545,0.0,0.0,0.9605210585691454,3,Ready-to-Wear Focus
C001007,2.0,328.69,269.0,164.345,3.5,0.0,1.0,1.0,0.0,0.0,0.0,0,Accessory Collectors
C001008,8.0,1859.2,67.0,232.4,3.875,0.125,0.0,0.0,0.7146299483648881,0.0759735370051635,0.2093965146299483,2,Beauty Regulars
C001009,6.0,3271.3999999999996,90.0,545.2333333333332,3.8333333333333335,0.0,0.8333333333333334,0.4420462187442684,0.0,0.4111481322980986,0.1468056489576328,0,Accessory Collectors
C001010,4.0,1103.13,70.0,275.78249999999997,5.75,0.25,0.0,0.7805607679965191,0.0583340132169372,0.1611052187865437,0.0,0,Accessory Collectors
C001011,11.0,7086.65,117.0,644.2409090909091,2.636363636363636,0.1818181818181818,0.9090909090909092,0.811235209866439,0.0448378288754206,0.0417277557096794,0.1021992055484608,0,Accessory Collectors
C001012,4.0,1149.09,131.0,287.2725,2.25,0.0,0.25,0.0,0.1393189393346039,0.6037299080141677,0.2569511526512283,4,Loyal Shoppers
C001013,0.0,0.0,0.0,0.0,0.0,0.0,0.0,0.0,0.0,0.0,0.0,1,Trend-Driven Newcomers
C001014,7.0,1865.77,29.0,266.5385714285714,4.142857142857143,0.0,0.5714285714285714,0.2066653446030325,0.3423144331830826,0.1964443634531587,0.2545758587607261,3,Ready-to-Wear Focus
C001015,4.0,1220.9,1.0,305.22499999999997,3.5,0.0,0.5,0.1241133589974609,0.0838479809976247,0.5512818412646409,0.2407568187402736,4,Loyal Shoppers
C001016,8.0,2685.24,16.0,335.655,3.5,0.25,0.125,0.181454916506532,0.5012959735442643,0.0647130237893074,0.2525360861598963,2,Beauty Regulars
C001017,3.0,1710.81,251.0,570.27,3.0,0.3333333333333333,1.0,0.0734622781021855,0.0,0.8499190441954396,0.0766186777023749,4,Loyal Shoppers
C001018,0.0,0.0,0.0,0.0,0.0,0.0,0.0,0.0,0.0,0.0,0.0,1,Trend-Driven Newcomers
C001019,7.0,1098.72,187.0,156.96,3.857142857142857,0.0,0.0,0.1756043395951652,0.4061726372506188,0.4182230231542158,0.0,2,Beauty Regulars
C001020,3.0,1499.19,46.0,499.73,3.0,0.6666666666666666,0.6666666666666666,0.0,0.2948859050553966,0.7051140949446034,0.0,4,Loyal Shoppers
C001021,7.0,1798.49,144.0,256.9271428571429,4.0,0.0,0.4285714285714285,0.6273540581265394,0.2115941706653915,0.1232255948045304,0.0378261764035385,0,Accessory Collectors
C001022,8.0,3395.8500000000004,8.0,424.4812500000001,3.875,0.0,0.25,0.3331389784590013,0.0,0.3058762901777169,0.3609847313632816,3,Ready-to-Wear Focus
C001023,2.0,658.75,53.0,329.375,3.5,0.0,0.0,0.0,1.0,0.0,0.0,2,Beauty Regulars
C001024,3.0,782.37,211.0,260.79,4.0,0.3333333333333333,1.0,0.1083758324066618,0.4318800567506423,0.0,0.4597441108426959,3,Ready-to-Wear Focus
C001025,8.0,2576.51,2.0,322.06375,3.0,0.125,0.5,0.0,0.6326697742294809,0.2048507477168727,0.1624794780536462,2,Beauty Regulars
C001026,0.0,0.0,0.0,0.0,0.0,0.0,0.0,0.0,0.0,0.0,0.0,1,Trend-Driven Newcomers
C001027,6.0,937.98,73.0,156.33,2.8333333333333335,0.1666666666666666,0.3333333333333333,0.0608754984114799,0.8114458730463336,0.0,0.1276786285421864,2,Beauty Regulars
C001028,0.0,0.0,0.0,0.0,0.0,0.0,0.0,0.0,0.0,0.0,0.0,1,Trend-Driven Newcomers
C001029,2.0,240.39,295.0,120.195,3.5,0.0,1.0,0.7249469611880693,0.2750530388119306,0.0,0.0,0,Accessory Collectors
C001030,0.0,0.0,0.0,0.0,0.0,0.0,0.0,0.0,0.0,0.0,0.0,1,Trend-Driven Newcomers
C001031,6.0,1352.36,19.0,225.39333333333337,3.1666666666666665,0.5,0.6666666666666666,0.4836064361560531,0.19895589931675,0.3174376645271969,0.0,0,Accessory Collectors
C001032,5.0,1338.61,97.0,267.72200000000004,3.0,0.0,0.4,0.1357079358438977,0.1774826125607906,0.0,0.6868094515953115,3,Ready-to-Wear Focus
C001033,5.0,3353.58,47.0,670.716,3.6,0.0,1.0,0.0,0.2313676727556819,0.5722869291920872,0.1963453980522307,4,Loyal Shoppers
C001034,11.0,4652.599999999999,5.0,422.96363636363634,3.909090909090909,0.0,0.8181818181818182,0.1059665563340927,0.3416412328590465,0.1109981515711645,0.4413940592356961,3,Ready-to-Wear Focus
C001035,2.0,1443.46,94.0,721.73,7.0,0.0,1.0,0.0,0.4981017832153298,0.5018982167846702,0.0,4,Loyal Shoppers
C001036,3.0,964.59,340.0,321.53000000000003,4.0,0.0,1.0,0.0,0.6979234700753688,0.0,0.3020765299246312,2,Beauty Regulars
C001037,3.0,605.8199999999999,161.0,201.93999999999997,4.0,0.3333333333333333,0.6666666666666666,0.3606351721633489,0.3486184015053976,0.2907464263312535,0.0,0,Accessory Collectors
C001038,4.0,2590.79,277.0,647.6975,4.25,0.0,0.75,0.3341799219543073,0.0,0.1204343076822127,0.5453857703634799,3,Ready-to-Wear Focus
C001039,5.0,1794.55,207.0,358.90999999999997,3.6,0.2,1.0,0.0,0.0,0.5369145468223232,0.4630854531776768,3,Ready-to-Wear Focus
C001040,6.0,981.42,160.0,163.57000000000002,4.333333333333333,0.0,0.0,0.0,0.7350369872225958,0.213669988384178,0.0512930243932261,2,Beauty Regulars
C001041,8.0,4170.25,79.0,521.28125,4.25,0.125,0.375,0.3588849589353156,0.0389401115041064,0.6021749295605778,0.0,4,Loyal Shoppers
C001042,0.0,0.0,0.0,0.0,0.0,0.0,0.0,0.0,0.0,0.0,0.0,1,Trend-Driven Newcomers
C001043,8.0,2135.79,19.0,266.97375,2.875,0.0,0.0,0.0,0.347857233154945,0.3156490104364193,0.3364937564086357,2,Beauty Regulars
C001044,0.0,0.0,0.0,0.0,0.0,0.0,0.0,0.0,0.0,0.0,0.0,1,Trend-Driven Newcomers
C001045,1.0,242.28,284.0,242.28,3.0,0.0,1.0,1.0,0.0,0.0,0.0,0,Accessory Collectors
C001046,1.0,1406.39,168.0,1406.39,2.0,0.0,0.0,0.0,0.0,1.0,0.0,4,Loyal Shoppers
C001047,3.0,970.34,195.0,323.44666666666666,4.666666666666667,0.3333333333333333,0.0,0.1522352989673722,0.0,0.8477647010326277,0.0,4,Loyal Shoppers
C001048,3.0,355.28999999999996,112.0,118.43,3.0,0.0,0.0,0.0,0.4849840974978187,0.0,0.5150159025021813,2,Beauty Regulars
C001049,0.0,0.0,0.0,0.0,0.0,0.0,0.0,0.0,0.0,0.0,0.0,1,Trend-Driven Newcomers
C001050,3.0,754.63,26.0,251.54333333333332,3.3333333333333335,0.0,0.3333333333333333,0.1530551396048394,0.3584670633290486,0.0,0.4884777970661119,3,Ready-to-Wear Focus
C001051,1.0,674.35,113.0,674.35,2.0,1.0,0.0,0.0,0.0,1.0,0.0,4,Loyal Shoppers
C001052,5.0,1541.17,28.0,308.23400000000004,3.4,0.2,0.8,0.2241284219132217,0.7758715780867782,0.0,0.0,2,Beauty Regulars
C001053,3.0,527.1800000000001,220.0,175.7266666666667,3.0,0.0,0.0,0.0,0.6418111460981069,0.3581888539018931,0.0,2,Beauty Regulars
C001054,0.0,0.0,0.0,0.0,0.0,0.0,0.0,0.0,0.0,0.0,0.0,1,Trend-Driven Newcomers
C001055,5.0,1242.28,46.0,248.456,3.6,0.6,0.8,0.473162250056348,0.0,0.2033197024825321,0.3235180474611198,0,Accessory Collectors
C001056,2.0,895.99,85.0,447.995,3.5,0.0,1.0,0.0,0.0,0.6972399245527294,0.3027600754472705,4,Loyal Shoppers
C001057,5.0,1386.0,39.0,277.2,3.6,0.0,0.4,0.5793795093795093,0.0,0.1277344877344877,0.2928860028860028,0,Accessory Collectors
C001058,1.0,236.53,252.0,236.53,1.0,0.0,1.0,0.0,0.0,0.0,1.0,3,Ready-to-Wear Focus
C001059,7.0,3062.63,102.0,437.5185714285714,4.142857142857143,0.1428571428571428,0.1428571428571428,0.0,0.2953115459588654,0.5476796087023245,0.15700884533881,4,Loyal Shoppers
C001060,5.0,898.34,16.0,179.668,4.8,0.4,0.6,0.4208206247077944,0.0,0.5791793752922056,0.0,4,Loyal Shoppers
C001061,6.0,2267.15,76.0,377.85833333333335,2.5,0.1666666666666666,0.8333333333333334,0.474004807798337,0.1057098118783494,0.2027655867498842,0.2175197935734291,0,Accessory Collectors
C001062,6.0,3017.5299999999997,81.0,502.9216666666666,3.5,0.1666666666666666,0.8333333333333334,0.4519590526026253,0.0,0.2747810295175193,0.2732599178798554,0,Accessory Collectors
C001063,4.0,939.83,77.0,234.9575,3.5,0.0,0.25,0.0,0.0532011108391943,0.9467988891608056,0.0,4,Loyal Shoppers
C001064,3.0,1083.79,68.0,361.2633333333333,3.3333333333333335,0.0,0.6666666666666666,0.8435213463862926,0.0,0.0,0.1564786536137074,0,Accessory Collectors
C001065,4.0,655.3199999999999,66.0,163.82999999999998,3.75,0.0,1.0,0.5659372520295429,0.3247115912836477,0.1093511566868095,0.0,0,Accessory Collectors
C001066,4.0,1313.47,226.0,328.3675,3.25,0.0,0.25,0.0,0.2052578285000799,0.5774094573914896,0.2173327141084303,4,Loyal Shoppers
C001067,5.0,2051.8,108.0,410.36,3.6,0.0,1.0,0.4486255970367482,0.0305585339701725,0.0,0.5208158689930792,3,Ready-to-Wear Focus
C001068,6.0,3621.21,43.0,603.535,4.0,0.3333333333333333,0.6666666666666666,0.2201860704018822,0.0,0.7798139295981177,0.0,4,Loyal Shoppers
C001069,7.0,2961.87,5.0,423.1242857142857,4.285714285714286,0.1428571428571428,1.0,0.6225762778244825,0.0,0.0858039009139496,0.2916198212615679,0,Accessory Collectors
C001070,8.0,3893.63,39.0,486.70375,3.5,0.25,1.0,0.5078808207251331,0.0,0.2167925560466711,0.2753266232281958,0,Accessory Collectors
C001071,0.0,0.0,0.0,0.0,0.0,0.0,0.0,0.0,0.0,0.0,0.0,1,Trend-Driven Newcomers
C001072,2.0,121.86,381.0,60.93,3.5,0.0,1.0,0.0,0.4103069095683571,0.0,0.5896930904316429,3,Ready-to-Wear Focus
C001073,7.0,2760.42,30.0,394.3457142857143,3.142857142857143,0.0,0.7142857142857143,0.5349222219807132,0.0395193485049376,0.3695234783112715,0.0560349512030778,0,Accessory Collectors
C001074,3.0,464.75,17.0,154.91666666666666,4.666666666666667,0.3333333333333333,0.3333333333333333,0.3768692845615922,0.0,0.2155137170521786,0.4076169983862291,3,Ready-to-Wear Focus
C001075,0.0,0.0,0.0,0.0,0.0,0.0,0.0,0.0,0.0,0.0,0.0,1,Trend-Driven Newcomers
C001076,1.0,563.86,307.0,563.86,4.0,1.0,1.0,1.0,0.0,0.0,0.0,0,Accessory Collectors
C001077,6.0,2364.51,131.0,394.085,3.3333333333333335,0.0,0.1666666666666666,0.3489856249286321,0.469556060240811,0.1814583148305568,0.0,2,Beauty Regulars
C001078,3.0,1454.08,228.0,484.6933333333333,3.3333333333333335,0.3333333333333333,0.3333333333333333,0.5001375440140845,0.0,0.4998624559859154,0.0,4,Loyal Shoppers
C001079,6.0,3926.48,14.0,654.4133333333333,3.8333333333333335,0.0,0.6666666666666666,0.1445365823842219,0.0,0.0,0.855463417615778,3,Ready-to-Wear Focus
C001080,4.0,1653.7,0.0,413.425,4.25,0.0,1.0,0.4863094878152023,0.0,0.2196770877426377,0.29401342444216,0,Accessory Collectors
C001081,10.0,2663.67,20.0,266.367,3.9,0.1,0.8,0.1744210056050486,0.6207600791389324,0.0,0.2048189152560189,2,Beauty Regulars
C001082,4.0,1559.62,9.0,389.905,3.0,0.0,0.0,0.0446839614777958,0.2179889973198599,0.6324938125953757,0.1048332286069683,4,Loyal Shoppers
C001083,1.0,268.82,246.0,268.82,3.0,0.0,0.0,0.0,0.0,1.0,0.0,4,Loyal Shoppers
C001084,2.0,946.44,32.0,473.22,5.0,0.0,1.0,0.1679028781539241,0.0,0.8320971218460759,0.0,4,Loyal Shoppers
C001085,6.0,1871.58,29.0,311.93,4.0,0.1666666666666666,0.3333333333333333,0.0,0.3421173553895639,0.6578826446104361,0.0,4,Loyal Shoppers
C001086,0.0,0.0,0.0,0.0,0.0,0.0,0.0,0.0,0.0,0.0,0.0,1,Trend-Driven Newcomers
C001087,8.0,3857.26,142.0,482.1575,3.75,0.125,0.75,0.147047385968278,0.4513644400429319,0.227508646033713,0.1740795279550769,2,Beauty Regulars
C001088,5.0,1434.46,92.0,286.892,4.0,0.2,0.0,0.2659676812180193,0.0,0.2886382332027383,0.4453940855792423,3,Ready-to-Wear Focus
C001089,4.0,2355.1099999999997,5.0,588.7774999999999,3.5,0.0,0.25,0.0,0.6965152370802213,0.3034847629197787,0.0,2,Beauty Regulars
C001090,3.0,584.26,124.0,194.75333333333333,3.3333333333333335,0.6666666666666666,0.0,0.0,0.8081675966179441,0.1918324033820559,0.0,2,Beauty Regulars
C001091,5.0,1305.4,59.0,261.08000000000004,3.2,0.4,0.6,0.2058143097901026,0.3991037229967826,0.3950819672131147,0.0,4,Loyal Shoppers
C001092,3.0,987.65,188.0,329.2166666666667,3.0,0.0,1.0,0.6999645623449603,0.3000354376550397,0.0,0.0,0,Accessory Collectors
C001093,3.0,905.66,2.0,301.88666666666666,3.0,0.0,1.0,0.0,1.0,0.0,0.0,2,Beauty Regulars
C001094,7.0,1810.16,77.0,258.5942857142857,3.5714285714285716,0.1428571428571428,0.0,0.0,0.6421863260706235,0.3578136739293764,0.0,2,Beauty Regulars
C001095,5.0,1612.43,68.0,322.486,3.4,0.0,1.0,0.9424409121636288,0.0,0.0575590878363711,0.0,0,Accessory Collectors
C001096,6.0,1645.71,75.0,274.285,3.5,0.1666666666666666,0.3333333333333333,0.1850022178877202,0.2927004150184419,0.1498259110049765,0.3724714560888613,3,Ready-to-Wear Focus
C001097,8.0,2425.86,85.0,303.2325,3.5,0.25,0.875,0.1287089939238043,0.0,0.2567584279389577,0.6145325781372379,3,Ready-to-Wear Focus
C001098,2.0,765.46,250.0,382.73,4.0,0.0,0.5,0.0,0.4290883912941237,0.5709116087058762,0.0,4,Loyal Shoppers
C001099,10.0,4396.47,74.0,439.6470000000001,3.3,0.2,0.8,0.1032510172934195,0.1054436855022324,0.7281136912113584,0.0631916059929898,4,Loyal Shoppers
C001100,3.0,1792.97,281.0,597.6566666666666,4.0,0.0,1.0,0.8333825998204097,0.0,0.0,0.1666174001795902,0,Accessory Collectors
C001101,5.0,2616.81,187.0,523.362,3.6,0.2,0.4,0.5473419927316083,0.0,0.2866811117352807,0.1659768955331109,0,Accessory Collectors
C001102,3.0,1140.92,401.0,380.3066666666667,3.3333333333333335,0.0,1.0,1.0,0.0,0.0,0.0,0,Accessory Collectors
C001103,4.0,810.58,22.0,202.645,3.0,0.25,0.0,0.4699967924202423,0.4215746749241284,0.1084285326556293,0.0,2,Beauty Regulars
C001104,2.0,990.47,132.0,495.235,5.0,0.0,1.0,0.0,0.1115026199682978,0.8884973800317021,0.0,4,Loyal Shoppers
C001105,7.0,1802.72,112.0,257.5314285714286,3.7142857142857144,0.0,0.4285714285714285,0.0281519037898286,0.285091417413686,0.4104242478033194,0.2763324309931658,4,Loyal Shoppers
C001106,8.0,2050.86,6.0,256.3575,3.625,0.125,0.125,0.5893283793140439,0.0833065153155261,0.3273651053704299,0.0,0,Accessory Collectors
C001107,5.0,981.13,147.0,196.22600000000003,3.8,0.2,0.0,0.0,0.3000825578669493,0.4706206109282154,0.2292968312048352,4,Loyal Shoppers
C001108,8.0,3827.63,50.0,478.45375,4.125,0.125,0.25,0.0803081802577574,0.0861055013154354,0.383887679843663,0.4496986385831441,3,Ready-to-Wear Focus
C001109,1.0,259.46,433.0,259.46,4.0,0.0,0.0,0.0,1.0,0.0,0.0,2,Beauty Regulars
C001110,3.0,747.45,170.0,249.15,3.6666666666666665,0.3333333333333333,1.0,0.7409191250250853,0.2590808749749147,0.0,0.0,0,Accessory Collectors
C001111,3.0,437.93,87.0,145.97666666666666,3.6666666666666665,0.0,0.6666666666666666,0.0,1.0,0.0,0.0,2,Beauty Regulars
C001112,0.0,0.0,0.0,0.0,0.0,0.0,0.0,0.0,0.0,0.0,0.0,1,Trend-Driven Newcomers
C001113,2.0,142.32999999999998,136.0,71.16499999999999,2.0,0.5,0.0,0.3608515421906836,0.6391484578093164,0.0,0.0,2,Beauty Regulars
C001114,1.0,183.58,53.0,183.58,2.0,1.0,0.0,0.0,1.0,0.0,0.0,2,Beauty Regulars
C001115,4.0,1500.41,0.0,375.1025,4.25,0.5,0.0,0.4124272698795662,0.5875727301204339,0.0,0.0,2,Beauty Regulars
C001116,5.0,1268.52,36.0,253.704,4.6,0.0,0.4,0.8295493961466907,0.0536688424305489,0.1167817614227603,0.0,0,Accessory Collectors
C001117,6.0,1578.01,65.0,263.00166666666667,3.5,0.1666666666666666,1.0,0.1378001406835191,0.4033307773714996,0.1725274237805844,0.2863416581643969,3,Ready-to-Wear Focus
C001118,6.0,2707.04,12.0,451.17333333333335,3.3333333333333335,0.3333333333333333,0.8333333333333334,0.4589293102429221,0.0,0.5001736213724215,0.0408970683846563,0,Accessory Collectors
C001119,2.0,632.4399999999999,95.0,316.21999999999997,3.5,0.5,0.0,0.8965593574093986,0.1034406425906015,0.0,0.0,0,Accessory Collectors
C001120,7.0,2838.62,67.0,405.51714285714286,2.857142857142857,0.1428571428571428,1.0,0.1405612586397615,0.1093242491069604,0.1385426721435063,0.6115718201097716,3,Ready-to-Wear Focus
C001121,8.0,2837.55,68.0,354.69375,3.25,0.0,1.0,0.5194128737819598,0.3029655865094888,0.1068527426829483,0.070768797025603,0,Accessory Collectors
C001122,3.0,1066.5,213.0,355.5,3.0,0.3333333333333333,0.3333333333333333,0.0,0.0,1.0,0.0,4,Loyal Shoppers
C001123,6.0,1528.17,207.0,254.695,4.166666666666667,0.1666666666666666,0.1666666666666666,0.3878037129376967,0.5362950457082655,0.0,0.0759012413540378,2,Beauty Regulars
C001124,7.0,3963.97,8.0,566.2814285714286,2.5714285714285716,0.1428571428571428,0.2857142857142857,0.5547822006725581,0.1665779508926657,0.1276573737944535,0.1509824746403227,0,Accessory Collectors
C001125,12.0,4414.66,8.0,367.8883333333333,4.25,0.1666666666666666,0.4166666666666667,0.4862345005051351,0.3499136966380197,0.1638518028568451,0.0,0,Accessory Collectors
C001126,4.0,781.53,437.0,195.3825,4.75,0.25,0.25,0.2738474530728187,0.5908538379844663,0.1352987089427149,0.0,2,Beauty Regulars
C001127,5.0,1581.12,288.0,316.224,3.6,0.0,0.6,0.583396579639749,0.0,0.2488109694393847,0.1677924509208662,0,Accessory Collectors
C001128,6.0,2200.82,13.0,366.80333333333334,4.166666666666667,0.0,0.8333333333333334,0.0823420361501622,0.0673658000199925,0.5982451995165439,0.2520469643133014,4,Loyal Shoppers
C001129,6.0,2651.68,33.0,441.94666666666666,2.8333333333333335,0.1666666666666666,0.5,0.1964113316840644,0.3705462197550232,0.0,0.4330424485609123,3,Ready-to-Wear Focus
C001130,6.0,1835.57,91.0,305.92833333333334,3.8333333333333335,0.0,0.0,0.0,0.327881802382911,0.672118197617089,0.0,4,Loyal Shoppers
C001131,4.0,1203.37,212.0,300.8425,3.75,0.25,0.5,0.1580561257136209,0.3944256546199423,0.0,0.4475182196664368,3,Ready-to-Wear Focus
C001132,5.0,932.46,170.0,186.492,3.4,0.0,0.0,0.0,0.5850438624713123,0.4149561375286875,0.0,2,Beauty Regulars
C001133,4.0,2542.3,35.0,635.575,4.0,0.5,1.0,0.1240844904220587,0.0,0.6588679542146875,0.2170475553632537,4,Loyal Shoppers
C001134,1.0,241.64,386.0,241.64,5.0,0.0,1.0,0.0,0.0,1.0,0.0,4,Loyal Shoppers
C001135,9.0,1744.1,24.0,193.7888888888889,3.3333333333333335,0.1111111111111111,0.1111111111111111,0.3453643713089846,0.2356057565506565,0.3296313284788716,0.0893985436614872,2,Beauty Regulars
C001136,9.0,8829.4,45.0,981.0444444444444,2.7777777777777777,0.2222222222222222,0.7777777777777778,0.8222393367612747,0.007843115047455,0.1157858971164518,0.0541316510748182,0,Accessory Collectors
C001137,4.0,578.0699999999999,90.0,144.51749999999998,3.75,0.0,0.75,0.3836905565069974,0.3739166536924593,0.2423927898005431,0.0,0,Accessory Collectors
C001138,7.0,3194.92,68.0,456.4171428571429,3.857142857142857,0.1428571428571428,0.7142857142857143,0.3761471335745496,0.1035644084984913,0.4481082468418614,0.0721802110850975,4,Loyal Shoppers
C001139,2.0,471.52,8.0,235.76,4.5,0.0,0.5,0.0,1.0,0.0,0.0,2,Beauty Regulars
C001140,0.0,0.0,0.0,0.0,0.0,0.0,0.0,0.0,0.0,0.0,0.0,1,Trend-Driven Newcomers
C001141,2.0,239.39,127.0,119.695,4.0,0.0,0.0,0.0,0.2673879443585781,0.732612055641422,0.0,4,Loyal Shoppers
C001142,6.0,2773.7799999999997,29.0,462.2966666666666,3.0,0.0,0.3333333333333333,0.4811052066133579,0.4524583780977582,0.0,0.0664364152888837,2,Beauty Regulars
C001143,6.0,1203.21,25.0,200.535,3.6666666666666665,0.1666666666666666,0.0,0.4361084100032413,0.1510459520781908,0.1921692805079744,0.2206763574105933,0,Accessory Collectors
C001144,3.0,1009.15,11.0,336.3833333333333,2.6666666666666665,0.0,0.0,0.9009067036614972,0.0990932963385027,0.0,0.0,0,Accessory Collectors
C001145,0.0,0.0,0.0,0.0,0.0,0.0,0.0,0.0,0.0,0.0,0.0,1,Trend-Driven Newcomers
C001146,7.0,2728.1400000000003,0.0,389.73428571428576,4.428571428571429,0.0,1.0,0.4494307476889017,0.1414773435380882,0.2661007133065018,0.1429911954665083,0,Accessory Collectors
C001147,6.0,1076.89,25.0,179.48166666666663,4.666666666666667,0.0,0.3333333333333333,0.4516060136132753,0.3085644773375183,0.2398295090492065,0.0,0,Accessory Collectors
C001148,4.0,738.9,95.0,184.725,3.5,0.25,0.75,0.3857896873731222,0.6142103126268778,0.0,0.0,2,Beauty Regulars
C001149,3.0,1027.2,185.0,342.40000000000003,3.6666666666666665,0.0,0.6666666666666666,0.3690031152647975,0.3107476635514018,0.0,0.3202492211838006,3,Ready-to-Wear Focus
C001150,3.0,765.31,50.0,255.10333333333332,2.6666666666666665,0.0,0.3333333333333333,0.0,0.3490742313572277,0.6509257686427723,0.0,4,Loyal Shoppers
C001151,5.0,1366.84,13.0,273.368,4.0,0.2,0.6,0.0,0.0,0.5574610049457142,0.4425389950542857,4,Loyal Shoppers
C001152,3.0,1533.84,16.0,511.28,4.333333333333333,0.0,0.3333333333333333,0.2588144786939968,0.5736778281959005,0.0,0.1675076931101027,2,Beauty Regulars
C001153,11.0,5207.67,13.0,473.42454545454547,3.636363636363636,0.0909090909090909,0.0909090909090909,0.188034188034188,0.179788657883468,0.2466880581910912,0.3854890958912527,3,Ready-to-Wear Focus
C001154,2.0,306.68,311.0,153.34,1.0,0.0,1.0,0.0,0.2248597887048389,0.7751402112951611,0.0,4,Loyal Shoppers
C001155,7.0,4457.71,203.0,636.8157142857143,4.142857142857143,0.0,0.2857142857142857,0.1501824928046014,0.3902631620271395,0.3054931792332835,0.1540611659349755,2,Beauty Regulars
C001156,2.0,4697.76,306.0,2348.88,3.0,0.0,0.5,0.0,0.9847629508531726,0.0152370491468274,0.0,2,Beauty Regulars
C001157,1.0,280.71,30.0,280.71,3.0,0.0,1.0,1.0,0.0,0.0,0.0,0,Accessory Collectors
C001158,5.0,2025.59,162.0,405.118,3.2,0.0,0.8,0.4234173746908308,0.3832463627881259,0.1442986981570801,0.049037564363963,0,Accessory Collectors
C001159,2.0,359.45,32.0,179.725,3.0,0.0,1.0,1.0,0.0,0.0,0.0,0,Accessory Collectors
C001160,4.0,1268.65,8.0,317.1625,4.0,0.25,1.0,0.0,0.0,0.1211445237063019,0.878855476293698,3,Ready-to-Wear Focus
C001161,1.0,81.97,176.0,81.97,4.0,0.0,1.0,1.0,0.0,0.0,0.0,0,Accessory Collectors
C001162,1.0,514.14,200.0,514.14,2.0,0.0,0.0,0.0,1.0,0.0,0.0,2,Beauty Regulars
C001163,6.0,966.82,4.0,161.13666666666668,3.8333333333333335,0.1666666666666666,0.1666666666666666,0.0,0.6177675265302746,0.2561386814505285,0.1260937920191969,2,Beauty Regulars
C001164,3.0,669.3399999999999,135.0,223.11333333333332,4.0,0.0,0.3333333333333333,0.2759135865180626,0.4579436459796217,0.2661427675023157,0.0,2,Beauty Regulars
C001165,4.0,1369.4399999999998,142.0,342.35999999999996,2.75,0.0,0.0,0.1560418857343147,0.4221068465942282,0.0,0.421851267671457,2,Beauty Regulars
C001166,8.0,2375.99,52.0,296.99875,2.625,0.125,1.0,0.4894717570360145,0.0442426104486971,0.1324374260834431,0.3338482064318453,0,Accessory Collectors
C001167,9.0,2167.96,41.0,240.88444444444443,4.333333333333333,0.0,0.5555555555555556,0.5133489547777634,0.277458993708371,0.1668665473532722,0.0423255041605933,0,Accessory Collectors
C001168,2.0,468.64,143.0,234.32,4.0,0.0,0.0,0.0,0.7229643222942984,0.2770356777057016,0.0,2,Beauty Regulars
C001169,4.0,2774.57,103.0,693.6425,3.75,0.0,1.0,1.0,0.0,0.0,0.0,0,Accessory Collectors
C001170,5.0,1034.42,60.0,206.884,3.2,0.0,0.4,0.2564528914754161,0.2845169273602598,0.1530906208309971,0.3059395603333269,3,Ready-to-Wear Focus
C001171,4.0,2194.33,60.0,548.5825,3.25,0.0,1.0,0.0567006785670341,0.0,0.8113137039551936,0.1319856174777722,4,Loyal Shoppers
C001172,8.0,2512.5299999999997,39.0,314.06624999999997,3.625,0.125,0.5,0.157514537139855,0.5231818127544745,0.2584685555993361,0.0608350945063342,2,Beauty Regulars
C001173,4.0,1354.27,24.0,338.5675,3.5,0.25,1.0,0.2770717803687595,0.5860426650520206,0.0,0.1368855545792198,2,Beauty Regulars
C001174,0.0,0.0,0.0,0.0,0.0,0.0,0.0,0.0,0.0,0.0,0.0,1,Trend-Driven Newcomers
C001175,0.0,0.0,0.0,0.0,0.0,0.0,0.0,0.0,0.0,0.0,0.0,1,Trend-Driven Newcomers
C001176,3.0,674.37,198.0,224.79,3.0,0.0,0.3333333333333333,0.0,0.0,0.3830538131886056,0.6169461868113943,3,Ready-to-Wear Focus
C001177,0.0,0.0,0.0,0.0,0.0,0.0,0.0,0.0,0.0,0.0,0.0,1,Trend-Driven Newcomers
C001178,3.0,495.5,39.0,165.16666666666666,3.6666666666666665,0.0,0.3333333333333333,0.0,0.0,0.0,1.0,3,Ready-to-Wear Focus
C001179,2.0,943.09,117.0,471.545,4.0,0.0,0.0,0.0,1.0,0.0,0.0,2,Beauty Regulars
C001180,1.0,99.46,347.0,99.46,7.0,0.0,0.0,0.0,1.0,0.0,0.0,2,Beauty Regulars
C001181,9.0,1841.03,27.0,204.5588888888889,3.7777777777777777,0.0,0.0,0.063915308278518,0.2321906758716587,0.5322835586600978,0.1716104571897252,4,Loyal Shoppers
C001182,6.0,1452.71,82.0,242.11833333333337,4.5,0.1666666666666666,0.3333333333333333,0.3547714271946913,0.1389059068912584,0.5063226659140503,0.0,4,Loyal Shoppers
C001183,0.0,0.0,0.0,0.0,0.0,0.0,0.0,0.0,0.0,0.0,0.0,1,Trend-Driven Newcomers
C001184,2.0,2941.38,218.0,1470.69,3.0,0.0,1.0,0.0,0.038128361517383,0.0,0.9618716384826168,3,Ready-to-Wear Focus
C001185,5.0,964.7,48.0,192.94,3.8,0.2,0.0,0.0,0.6912097024981859,0.308790297501814,0.0,2,Beauty Regulars
C001186,0.0,0.0,0.0,0.0,0.0,0.0,0.0,0.0,0.0,0.0,0.0,1,Trend-Driven Newcomers
C001187,1.0,231.87,70.0,231.87,3.0,0.0,1.0,0.0,0.0,1.0,0.0,4,Loyal Shoppers
C001188,4.0,856.72,98.0,214.18,3.25,0.5,0.75,0.6988981230740499,0.0,0.0,0.3011018769259501,0,Accessory Collectors
C001189,0.0,0.0,0.0,0.0,0.0,0.0,0.0,0.0,0.0,0.0,0.0,1,Trend-Driven Newcomers
C001190,7.0,4704.26,32.0,672.0371428571428,3.5714285714285716,0.1428571428571428,0.2857142857142857,0.3018923273798641,0.0,0.5062900434924941,0.1918176291276417,4,Loyal Shoppers
C001191,9.0,3455.9,9.0,383.9888888888889,3.0,0.2222222222222222,0.3333333333333333,0.705144824792384,0.294855175207616,0.0,0.0,0,Accessory Collectors
C001192,5.0,2572.94,6.0,514.588,3.0,0.2,0.8,0.3124868827100515,0.0,0.6875131172899485,0.0,4,Loyal Shoppers
C001193,8.0,2207.48,82.0,275.935,3.0,0.125,0.5,0.4618207186475075,0.0449607697464982,0.4932185116059941,0.0,4,Loyal Shoppers
C001194,4.0,1024.63,109.0,256.1575,4.25,0.0,1.0,0.328674741126065,0.0,0.4360500863726419,0.2352751725012931,0,Accessory Collectors
C001195,4.0,1803.2,47.0,450.7999999999999,4.25,0.0,0.75,0.5451197870452529,0.0,0.4548802129547471,0.0,0,Accessory Collectors
C001196,7.0,1977.89,99.0,282.5557142857143,3.142857142857143,0.4285714285714285,0.7142857142857143,0.2923974538523375,0.4956645718417101,0.0,0.2119379743059523,2,Beauty Regulars
C001197,5.0,1376.98,22.0,275.396,3.6,0.0,0.6,0.0,0.4337898880158027,0.0,0.5662101119841972,3,Ready-to-Wear Focus
C001198,5.0,1165.09,80.0,233.01799999999997,4.2,0.2,0.0,0.0,0.4643074783922272,0.5356925216077727,0.0,4,Loyal Shoppers
C001199,5.0,1138.94,51.0,227.788,5.2,0.2,0.0,0.0,0.0,0.5971692977681001,0.4028307022318998,4,Loyal Shoppers
C001200,1.0,308.82,462.0,308.82,6.0,0.0,1.0,0.0,1.0,0.0,0.0,2,Beauty Regulars
C001201,5.0,1165.44,20.0,233.088,3.0,0.2,0.4,0.6508700576606261,0.0,0.2237695634266887,0.1253603789126853,0,Accessory Collectors
C001202,3.0,1481.19,165.0,493.73,3.3333333333333335,0.0,0.3333333333333333,0.0,0.1048548801976788,0.8951451198023211,0.0,4,Loyal Shoppers
C001203,4.0,1191.4299999999998,104.0,297.85749999999996,4.0,0.0,0.5,0.5957798611752264,0.0,0.3236279093190536,0.08059222950572,0,Accessory Collectors
C001204,5.0,796.3599999999999,9.0,159.272,4.6,0.0,0.0,0.0963257823095082,0.9036742176904916,0.0,0.0,2,Beauty Regulars
C001205,0.0,0.0,0.0,0.0,0.0,0.0,0.0,0.0,0.0,0.0,0.0,1,Trend-Driven Newcomers
C001206,2.0,597.47,420.0,298.735,3.0,0.5,0.5,0.6032771519908949,0.0,0.396722848009105,0.0,0,Accessory Collectors
C001207,10.0,9576.88,54.0,957.688,3.4,0.2,0.9,0.1755759704621964,0.0856656865283892,0.0,0.7387583430094142,3,Ready-to-Wear Focus
C001208,4.0,532.37,46.0,133.0925,3.0,0.0,0.0,0.4922516295057948,0.1149200743843567,0.1568833705881248,0.2359449255217236,0,Accessory Collectors
C001209,1.0,110.56,340.0,110.56,1.0,0.0,0.0,0.0,0.0,0.0,1.0,3,Ready-to-Wear Focus
C001210,8.0,1883.75,68.0,235.46875,4.125,0.0,0.0,0.2319681486396815,0.2873151957531519,0.0578792302587923,0.4228374253483742,3,Ready-to-Wear Focus
C001211,11.0,3464.33,38.0,314.9390909090909,3.727272727272727,0.1818181818181818,0.5454545454545454,0.7433067865936558,0.2041375965915487,0.0301010585019325,0.0224545583128628,0,Accessory Collectors
C001212,2.0,708.3299999999999,438.0,354.16499999999996,4.5,0.0,0.0,0.0,0.8089732186974998,0.0,0.1910267813025002,2,Beauty Regulars
C001213,2.0,546.13,32.0,273.065,3.5,0.0,1.0,1.0,0.0,0.0,0.0,0,Accessory Collectors
C001214,3.0,322.65,68.0,107.55,5.0,0.0,0.0,0.4629784596311793,0.0,0.5370215403688207,0.0,4,Loyal Shoppers
C001215,5.0,2995.0699999999997,11.0,599.0139999999999,6.6,0.0,0.6,0.0,0.7181601765568083,0.2818398234431916,0.0,2,Beauty Regulars
C001216,8.0,1258.76,31.0,157.345,4.125,0.125,0.25,0.0,0.5018907496266166,0.4981092503733833,0.0,2,Beauty Regulars
C001217,8.0,638.43,66.0,79.80375,4.375,0.375,0.125,0.0,0.4509029964130758,0.1893864636686872,0.3597105399182369,2,Beauty Regulars
C001218,6.0,1593.92,57.0,265.65333333333336,3.6666666666666665,0.1666666666666666,0.0,0.329219785183698,0.0457112025697651,0.6250690122465368,0.0,4,Loyal Shoppers
C001219,8.0,2009.11,66.0,251.13875,4.75,0.125,0.125,0.0,0.6261777603018251,0.2921293508070738,0.081692888891101,2,Beauty Regulars
C001220,4.0,791.0799999999999,181.0,197.77,4.25,0.25,0.0,0.0,0.0705617636648632,0.3045962481670627,0.6248419881680741,3,Ready-to-Wear Focus
C001221,0.0,0.0,0.0,0.0,0.0,0.0,0.0,0.0,0.0,0.0,0.0,1,Trend-Driven Newcomers
C001222,3.0,1780.89,243.0,593.63,3.6666666666666665,0.0,0.3333333333333333,0.0,0.0,0.5552055432957679,0.4447944567042322,4,Loyal Shoppers
C001223,5.0,2929.45,38.0,585.89,3.8,0.0,1.0,0.0,0.0,0.5199747392855314,0.4800252607144686,3,Ready-to-Wear Focus
C001224,0.0,0.0,0.0,0.0,0.0,0.0,0.0,0.0,0.0,0.0,0.0,1,Trend-Driven Newcomers
C001225,0.0,0.0,0.0,0.0,0.0,0.0,0.0,0.0,0.0,0.0,0.0,1,Trend-Driven Newcomers
C001226,8.0,2451.27,8.0,306.40875,3.5,0.0,0.0,0.0267371607370873,0.6708318545080714,0.0,0.3024309847548413,2,Beauty Regulars
C001227,4.0,1847.02,336.0,461.755,3.25,0.25,0.5,0.6648060118461088,0.3351939881538911,0.0,0.0,0,Accessory Collectors
C001228,6.0,2126.2200000000003,22.0,354.37000000000006,3.1666666666666665,0.0,0.0,0.6948951660693624,0.3051048339306374,0.0,0.0,0,Accessory Collectors
C001229,8.0,3509.0600000000004,0.0,438.6325000000001,4.0,0.25,0.75,0.1470650259613685,0.5146677457780717,0.2106718038449043,0.1275954244156555,2,Beauty Regulars
C001230,3.0,781.68,98.0,260.56,4.0,0.0,0.0,0.5977765837682939,0.402223416231706,0.0,0.0,0,Accessory Collectors
C001231,7.0,3123.64,138.0,446.2342857142857,3.857142857142857,0.0,0.4285714285714285,0.197913331882035,0.3515001728752353,0.0,0.4505864952427296,3,Ready-to-Wear Focus
C001232,2.0,380.84,171.0,190.42,5.0,0.5,0.0,0.0,0.6227024472219305,0.3772975527780695,0.0,2,Beauty Regulars
C001233,4.0,1870.13,127.0,467.5325,3.25,0.0,0.5,0.0,0.6562859266468106,0.1783619320581991,0.1653521412949902,2,Beauty Regulars
C001234,9.0,5663.25,53.0,629.25,3.6666666666666665,0.2222222222222222,1.0,0.2711764446210215,0.2941067408290292,0.30350064009182,0.1312161744581291,0,Accessory Collectors
C001235,3.0,649.69,213.0,216.56333333333336,4.0,0.3333333333333333,1.0,0.2885530022010497,0.0,0.0,0.7114469977989503,3,Ready-to-Wear Focus
C001236,5.0,1925.0,198.0,385.0,3.4,0.2,0.2,0.0681610389610389,0.931838961038961,0.0,0.0,2,Beauty Regulars
C001237,6.0,781.51,48.0,130.2516666666667,2.5,0.3333333333333333,0.1666666666666666,0.2546608488694962,0.5186625890903508,0.0,0.226676562040153,2,Beauty Regulars
C001238,4.0,1952.37,177.0,488.0925,4.0,0.0,0.5,0.5219348791468831,0.2754549598692871,0.0,0.2026101609838299,0,Accessory Collectors
C001239,6.0,2485.15,141.0,414.19166666666666,3.3333333333333335,0.0,0.8333333333333334,0.5489286360984247,0.1804478602901233,0.0596865380359334,0.2109369655755185,0,Accessory Collectors
C001240,0.0,0.0,0.0,0.0,0.0,0.0,0.0,0.0,0.0,0.0,0.0,1,Trend-Driven Newcomers
C001241,7.0,2442.65,28.0,348.95,3.2857142857142856,0.1428571428571428,0.5714285714285714,0.3979121036579125,0.0204695719812498,0.158827502916914,0.4227908214439236,3,Ready-to-Wear Focus
C001242,2.0,339.7,59.0,169.85,5.0,0.0,0.0,0.0,0.8528113040918457,0.1471886959081542,0.0,2,Beauty Regulars
C001243,0.0,0.0,0.0,0.0,0.0,0.0,0.0,0.0,0.0,0.0,0.0,1,Trend-Driven Newcomers
C001244,0.0,0.0,0.0,0.0,0.0,0.0,0.0,0.0,0.0,0.0,0.0,1,Trend-Driven Newcomers
C001245,4.0,1862.97,34.0,465.7425,3.25,0.0,1.0,0.0,0.4554877426904352,0.2868591550051799,0.257653102304385,3,Ready-to-Wear Focus
C001246,7.0,2108.52,13.0,301.21714285714285,5.142857142857143,0.1428571428571428,0.1428571428571428,0.0,0.698428281448599,0.2490799233585642,0.0524917951928366,2,Beauty Regulars
C001247,0.0,0.0,0.0,0.0,0.0,0.0,0.0,0.0,0.0,0.0,0.0,1,Trend-Driven Newcomers
C001248,8.0,1520.59,80.0,190.07375,3.625,0.125,0.25,0.2257479004859955,0.5428090412274184,0.2314430582865861,0.0,2,Beauty Regulars
C001249,5.0,2779.0,95.0,555.8,3.4,0.0,1.0,0.6072256207268801,0.0,0.3927743792731198,0.0,0,Accessory Collectors
C001250,1.0,136.62,392.0,136.62,2.0,0.0,0.0,0.0,0.0,1.0,0.0,4,Loyal Shoppers
C001251,0.0,0.0,0.0,0.0,0.0,0.0,0.0,0.0,0.0,0.0,0.0,1,Trend-Driven Newcomers
C001252,1.0,131.91,16.0,131.91,4.0,0.0,1.0,0.0,0.0,1.0,0.0,4,Loyal Shoppers
C001253,3.0,1092.85,69.0,364.2833333333333,4.0,0.3333333333333333,0.6666666666666666,0.21212426225008,0.7878757377499199,0.0,0.0,2,Beauty Regulars
C001254,5.0,1162.26,184.0,232.452,3.4,0.0,0.2,0.3156178479858207,0.6843821520141792,0.0,0.0,2,Beauty Regulars
C001255,2.0,208.79,68.0,104.395,3.5,0.5,1.0,1.0,0.0,0.0,0.0,0,Accessory Collectors
C001256,6.0,1527.91,2.0,254.65166666666667,3.1666666666666665,0.0,0.0,0.0,0.7506986668062909,0.249301333193709,0.0,2,Beauty Regulars
C001257,6.0,1451.54,170.0,241.92333333333332,4.5,0.1666666666666666,0.5,0.0977306860300095,0.3114209735866734,0.0893051517698444,0.5015431886134726,3,Ready-to-Wear Focus
C001258,1.0,199.52,92.0,199.52,6.0,0.0,0.0,0.0,0.0,1.0,0.0,4,Loyal Shoppers
C001259,3.0,782.0799999999999,78.0,260.6933333333333,3.0,0.0,0.0,0.0935965630114566,0.9064034369885432,0.0,0.0,2,Beauty Regulars
C001260,3.0,2173.01,215.0,724.3366666666666,4.333333333333333,0.0,0.6666666666666666,0.8866595183639284,0.1133404816360716,0.0,0.0,0,Accessory Collectors
C001261,9.0,1699.89,42.0,188.8766666666667,3.4444444444444446,0.0,0.0,0.5676249639682568,0.379024525116331,0.0,0.0533505109154121,2,Beauty Regulars
C001262,6.0,2734.0299999999997,66.0,455.6716666666666,3.3333333333333335,0.0,0.1666666666666666,0.1023543999151435,0.0214628222806626,0.2777913921939408,0.5983913856102531,3,Ready-to-Wear Focus
C001263,4.0,2249.26,92.0,562.315,4.25,0.25,1.0,0.7989961142775845,0.0,0.2010038857224153,0.0,0,Accessory Collectors
C001264,0.0,0.0,0.0,0.0,0.0,0.0,0.0,0.0,0.0,0.0,0.0,1,Trend-Driven Newcomers
C001265,0.0,0.0,0.0,0.0,0.0,0.0,0.0,0.0,0.0,0.0,0.0,1,Trend-Driven Newcomers
C001266,0.0,0.0,0.0,0.0,0.0,0.0,0.0,0.0,0.0,0.0,0.0,1,Trend-Driven Newcomers
C001267,9.0,2834.94,48.0,314.99333333333334,3.111111111111111,0.0,0.5555555555555556,0.0,0.778778386844166,0.115953071317206,0.1052685418386279,2,Beauty Regulars
C001268,6.0,1816.44,105.0,302.74,3.3333333333333335,0.1666666666666666,0.1666666666666666,0.1497764858734667,0.8021184294554182,0.0481050846711149,0.0,2,Beauty Regulars
C001269,7.0,3245.91,85.0,463.70142857142855,3.5714285714285716,0.1428571428571428,0.8571428571428571,0.3975187235628837,0.0,0.5804381513966808,0.0220431250404355,4,Loyal Shoppers
C001270,1.0,99.86,390.0,99.86,4.0,0.0,1.0,0.0,0.0,1.0,0.0,4,Loyal Shoppers
C001271,4.0,1454.89,88.0,363.7225,2.75,0.0,1.0,1.0,0.0,0.0,0.0,0,Accessory Collectors
C001272,1.0,700.67,466.0,700.67,3.0,1.0,1.0,1.0,0.0,0.0,0.0,0,Accessory Collectors
C001273,5.0,2480.39,125.0,496.078,3.6,0.2,0.8,0.6165482041130629,0.0,0.2935304528723306,0.0899213430146065,0,Accessory Collectors
C001274,10.0,4862.66,23.0,486.266,3.1,0.1,0.7,0.3276210962724105,0.0,0.5270572073720967,0.1453216963554927,4,Loyal Shoppers
C001275,1.0,219.56,517.0,219.56,2.0,0.0,0.0,0.0,1.0,0.0,0.0,2,Beauty Regulars
C001276,1.0,455.82,265.0,455.82,3.0,0.0,1.0,0.0,0.0,0.0,1.0,3,Ready-to-Wear Focus
C001277,3.0,572.86,398.0,190.95333333333335,4.333333333333333,0.0,0.6666666666666666,0.0,0.0,1.0,0.0,4,Loyal Shoppers
C001278,1.0,56.72,453.0,56.72,4.0,0.0,0.0,0.0,1.0,0.0,0.0,2,Beauty Regulars
C001279,3.0,1555.44,53.0,518.48,3.0,0.3333333333333333,0.6666666666666666,0.7916730957156818,0.0,0.0,0.2083269042843182,0,Accessory Collectors
C001280,8.0,3709.69,15.0,463.71125,3.875,0.0,0.5,0.1909162221102033,0.4016615943650278,0.0,0.407422183524769,3,Ready-to-Wear Focus
C001281,0.0,0.0,0.0,0.0,0.0,0.0,0.0,0.0,0.0,0.0,0.0,1,Trend-Driven Newcomers
C001282,4.0,3055.49,48.0,763.8725,4.75,0.0,1.0,0.4451070041139064,0.0663068771293638,0.3505984310208837,0.137987687735846,0,Accessory Collectors
C001283,9.0,2238.09,152.0,248.67666666666668,4.444444444444445,0.0,0.0,0.0861448824667462,0.6131656903877861,0.3006894271454678,0.0,2,Beauty Regulars
C001284,7.0,1126.25,113.0,160.89285714285714,4.285714285714286,0.0,0.0,0.2473784683684795,0.6691675915649279,0.0,0.0834539400665926,2,Beauty Regulars
C001285,6.0,3711.8,150.0,618.6333333333333,2.8333333333333335,0.5,0.8333333333333334,0.5369039280133627,0.3369362573414516,0.0,0.1261598146451856,0,Accessory Collectors
C001286,3.0,282.7,162.0,94.23333333333332,2.6666666666666665,0.0,0.0,0.0,0.7370003537318712,0.2629996462681288,0.0,2,Beauty Regulars
C001287,9.0,5254.36,123.0,583.8177777777778,3.6666666666666665,0.2222222222222222,1.0,0.7009340814104857,0.0931854688296957,0.1675047008579541,0.0383757489018643,0,Accessory Collectors
C001288,8.0,6191.43,38.0,773.92875,2.375,0.125,0.625,0.2489037266027395,0.4601957867568558,0.2128522812985045,0.0780482053419,2,Beauty Regulars
C001289,5.0,1496.14,34.0,299.22799999999995,4.2,0.0,0.8,0.6475664042135094,0.0,0.0498349084978678,0.3025986872886227,0,Accessory Collectors
C001290,5.0,1652.95,73.0,330.59000000000003,4.4,0.2,0.0,0.0,0.5835990199340573,0.4164009800659426,0.0,2,Beauty Regulars
C001291,10.0,3366.62,139.0,336.662,4.5,0.2,0.1,0.0336687835276924,0.6387266754192632,0.2450915161200254,0.0825130249330188,2,Beauty Regulars
C001292,6.0,3790.87,43.0,631.8116666666666,3.5,0.1666666666666666,0.6666666666666666,0.596008304162369,0.0,0.4039916958376309,0.0,0,Accessory Collectors
C001293,4.0,1003.83,186.0,250.9575,4.0,0.0,0.0,0.0,0.7423468117111464,0.2576531882888537,0.0,2,Beauty Regulars
C001294,3.0,1025.47,22.0,341.8233333333333,3.3333333333333335,0.0,0.3333333333333333,0.2974245955513082,0.0,0.4543672657415624,0.2482081387071294,4,Loyal Shoppers
C001295,5.0,1222.02,169.0,244.404,3.0,0.0,1.0,0.6661102109621774,0.0,0.2494149031930737,0.0844748858447488,0,Accessory Collectors
C001296,2.0,243.57,250.0,121.785,4.0,0.0,0.0,0.0,1.0,0.0,0.0,2,Beauty Regulars
C001297,2.0,977.44,37.0,488.72,3.0,0.0,1.0,0.0,0.4984960713701096,0.0,0.5015039286298903,3,Ready-to-Wear Focus
C001298,3.0,1902.62,215.0,634.2066666666666,3.3333333333333335,0.0,0.6666666666666666,0.0357717253051056,0.0887302771967077,0.8754979974981868,0.0,4,Loyal Shoppers
C001299,5.0,1597.61,55.0,319.52200000000005,3.4,0.0,0.0,0.0,0.5648875507789761,0.4351124492210239,0.0,2,Beauty Regulars
C001300,0.0,0.0,0.0,0.0,0.0,0.0,0.0,0.0,0.0,0.0,0.0,1,Trend-Driven Newcomers
C001301,6.0,1491.98,73.0,248.66333333333333,4.166666666666667,0.0,0.0,0.092199627340849,0.459087923430609,0.1344320969449992,0.3142803522835427,2,Beauty Regulars
C001302,10.0,5079.25,219.0,507.925,3.9,0.0,0.1,0.0814903775163656,0.3379239060884973,0.5435526898656298,0.0370330265295073,4,Loyal Shoppers
C001303,0.0,0.0,0.0,0.0,0.0,0.0,0.0,0.0,0.0,0.0,0.0,1,Trend-Driven Newcomers
C001304,5.0,1676.89,198.0,335.378,3.4,0.0,1.0,0.7023299083422287,0.1517690486555468,0.0,0.1459010430022243,0,Accessory Collectors
C001305,8.0,4164.46,37.0,520.5575,3.0,0.125,0.625,0.0474347214284685,0.4967102577525056,0.0,0.4558550208190258,3,Ready-to-Wear Focus
C001306,5.0,3197.71,36.0,639.542,3.0,0.2,1.0,0.3447529638397478,0.1597612041116924,0.4954858320485598,0.0,4,Loyal Shoppers
C001307,0.0,0.0,0.0,0.0,0.0,0.0,0.0,0.0,0.0,0.0,0.0,1,Trend-Driven Newcomers
C001308,7.0,1429.42,159.0,204.2028571428571,3.2857142857142856,0.1428571428571428,0.0,0.0,0.672440570301241,0.1266037973443774,0.2009556323543815,2,Beauty Regulars
C001309,4.0,3050.01,46.0,762.5025,3.5,0.0,1.0,0.3972118124202871,0.0,0.0,0.6027881875797128,3,Ready-to-Wear Focus
C001310,6.0,1139.4,7.0,189.9,3.5,0.1666666666666666,0.3333333333333333,0.2377303844128488,0.3731788660698613,0.2329559417237142,0.1561348077935755,2,Beauty Regulars
C001311,6.0,2297.74,11.0,382.9566666666667,4.0,0.0,0.1666666666666666,0.8548095084735435,0.1139162829562961,0.0,0.0312742085701602,0,Accessory Collectors
C001312,2.0,692.52,157.0,346.26,4.0,0.0,1.0,0.0,1.0,0.0,0.0,2,Beauty Regulars
C001313,3.0,1000.15,144.0,333.3833333333333,2.6666666666666665,0.0,0.6666666666666666,0.8279658051292307,0.1720341948707694,0.0,0.0,0,Accessory Collectors
C001314,7.0,5253.41,106.0,750.4871428571429,3.2857142857142856,0.4285714285714285,0.8571428571428571,0.761077090880019,0.0,0.2389229091199811,0.0,0,Accessory Collectors
C001315,4.0,1835.51,150.0,458.8775,3.5,0.0,0.5,0.0,0.7269096872258937,0.0,0.2730903127741064,2,Beauty Regulars
C001316,0.0,0.0,0.0,0.0,0.0,0.0,0.0,0.0,0.0,0.0,0.0,1,Trend-Driven Newcomers
C001317,6.0,949.37,112.0,158.22833333333332,3.3333333333333335,0.1666666666666666,0.3333333333333333,0.0,0.2168490683295238,0.481582523146929,0.3015684085235472,4,Loyal Shoppers
C001318,6.0,3645.24,28.0,607.54,3.0,0.0,0.8333333333333334,0.3039470652138131,0.0,0.6960529347861869,0.0,4,Loyal Shoppers
C001319,7.0,1966.11,1.0,280.8728571428572,3.857142857142857,0.1428571428571428,0.1428571428571428,0.0,0.6250311528856473,0.3749688471143527,0.0,2,Beauty Regulars
C001320,7.0,3126.1,111.0,446.5857142857143,2.857142857142857,0.2857142857142857,1.0,0.7976936118486292,0.0498032692492242,0.0,0.1525031189021464,0,Accessory Collectors
C001321,3.0,1672.69,165.0,557.5633333333334,4.333333333333333,0.6666666666666666,0.6666666666666666,0.0,0.5679115675947126,0.0,0.4320884324052872,3,Ready-to-Wear Focus
C001322,7.0,2047.05,85.0,292.4357142857143,3.5714285714285716,0.0,0.1428571428571428,0.1450086710143865,0.6520798221831416,0.0,0.2029115068024718,2,Beauty Regulars
C001323,7.0,3006.5299999999997,54.0,429.5042857142857,3.4285714285714284,0.1428571428571428,0.7142857142857143,0.2442949180616857,0.5143138435339079,0.1041699234665877,0.1372213149378186,2,Beauty Regulars
C001324,3.0,583.85,3.0,194.61666666666667,3.0,0.0,0.0,0.0,0.3566669521281151,0.171653678170763,0.4716793697011218,3,Ready-to-Wear Focus
C001325,8.0,3766.15,25.0,470.76875,3.875,0.125,0.25,0.1364629661590749,0.1264182255088087,0.6565670512326912,0.0805517570994251,4,Loyal Shoppers
C001326,2.0,754.2,86.0,377.1,3.5,0.0,1.0,0.450861840360647,0.0,0.0,0.549138159639353,3,Ready-to-Wear Focus
C001327,5.0,2865.12,83.0,573.024,2.8,0.2,0.6,0.1797516334394371,0.2466458647456302,0.0,0.5736025018149328,3,Ready-to-Wear Focus
C001328,1.0,597.19,493.0,597.19,3.0,0.0,1.0,1.0,0.0,0.0,0.0,0,Accessory Collectors
C001329,3.0,560.71,83.0,186.90333333333336,3.6666666666666665,0.3333333333333333,0.0,0.0,1.0,0.0,0.0,2,Beauty Regulars
C001330,7.0,3391.5299999999997,196.0,484.5042857142857,5.0,0.5714285714285714,0.0,0.0,0.9804395066533392,0.0195604933466606,0.0,2,Beauty Regulars
C001331,3.0,1484.26,286.0,494.7533333333334,3.0,0.0,0.3333333333333333,0.0,0.5844056971150607,0.0,0.4155943028849393,2,Beauty Regulars
C001332,0.0,0.0,0.0,0.0,0.0,0.0,0.0,0.0,0.0,0.0,0.0,1,Trend-Driven Newcomers
C001333,5.0,2045.51,231.0,409.102,4.4,0.0,0.2,0.2946697889523884,0.507135139891763,0.1981950711558486,0.0,2,Beauty Regulars
C001334,0.0,0.0,0.0,0.0,0.0,0.0,0.0,0.0,0.0,0.0,0.0,1,Trend-Driven Newcomers
C001335,0.0,0.0,0.0,0.0,0.0,0.0,0.0,0.0,0.0,0.0,0.0,1,Trend-Driven Newcomers
C001336,5.0,1878.7,287.0,375.74,4.8,0.2,0.4,0.3456592324479692,0.4851386597115026,0.169202107840528,0.0,2,Beauty Regulars
C001337,8.0,2982.72,120.0,372.84,3.5,0.125,0.375,0.5729166666666666,0.0,0.1658888531273468,0.2611944802059864,0,Accessory Collectors
C001338,0.0,0.0,0.0,0.0,0.0,0.0,0.0,0.0,0.0,0.0,0.0,1,Trend-Driven Newcomers
C001339,4.0,1609.59,25.0,402.3975,3.25,0.0,1.0,0.5020471051634268,0.0,0.215887275641623,0.2820656191949502,0,Accessory Collectors
C001340,5.0,928.71,186.0,185.742,3.2,0.2,0.2,0.0,0.3073187539705613,0.0,0.6926812460294387,3,Ready-to-Wear Focus
C001341,7.0,3228.59,210.0,461.2271428571429,3.7142857142857144,0.1428571428571428,0.1428571428571428,0.4408333049411662,0.0,0.0391068546950836,0.5200598403637502,3,Ready-to-Wear Focus
C001342,8.0,2443.25,33.0,305.40625,3.375,0.0,0.875,0.2774583034892049,0.2847191241174665,0.282668576690883,0.1551539957024455,0,Accessory Collectors
C001343,2.0,1043.29,386.0,521.645,4.0,0.0,0.0,0.7767926463399438,0.0,0.0,0.2232073536600561,0,Accessory Collectors
C001344,0.0,0.0,0.0,0.0,0.0,0.0,0.0,0.0,0.0,0.0,0.0,1,Trend-Driven Newcomers
C001345,5.0,895.5600000000001,143.0,179.11200000000002,3.6,0.0,0.2,0.0983295368261199,0.1597771226941801,0.7418933404796999,0.0,4,Loyal Shoppers
C001346,9.0,3176.97,49.0,352.99666666666667,3.5555555555555554,0.1111111111111111,0.7777777777777778,0.1422896659395587,0.6477114986921501,0.0610487351155346,0.1489501002527565,2,Beauty Regulars
C001347,3.0,1605.0,30.0,535.0,3.6666666666666665,0.0,0.6666666666666666,0.0,0.0734579439252336,0.8439750778816199,0.0825669781931464,4,Loyal Shoppers
C001348,3.0,1631.25,76.0,543.75,3.3333333333333335,0.3333333333333333,1.0,1.0,0.0,0.0,0.0,0,Accessory Collectors
C001349,3.0,1963.81,95.0,654.6033333333334,3.3333333333333335,0.0,0.6666666666666666,0.5325209668959828,0.0,0.0,0.4674790331040171,3,Ready-to-Wear Focus
C001350,3.0,582.3199999999999,134.0,194.10666666666663,4.666666666666667,0.0,0.3333333333333333,0.544666162934469,0.455333837065531,0.0,0.0,0,Accessory Collectors
C001351,1.0,451.41,78.0,451.41,3.0,0.0,1.0,0.0,0.0,1.0,0.0,4,Loyal Shoppers
C001352,4.0,627.6300000000001,8.0,156.90750000000003,3.5,0.0,0.5,0.0,0.5656836033969058,0.0,0.4343163966030941,2,Beauty Regulars
C001353,5.0,2457.33,81.0,491.466,3.6,0.4,1.0,0.6289102399759088,0.1069087179988035,0.2641810420252876,0.0,0,Accessory Collectors
C001354,6.0,2420.77,3.0,403.46166666666664,3.5,0.1666666666666666,0.6666666666666666,0.2856570430069771,0.0,0.3944695282905852,0.3198734287024377,3,Ready-to-Wear Focus
C001355,0.0,0.0,0.0,0.0,0.0,0.0,0.0,0.0,0.0,0.0,0.0,1,Trend-Driven Newcomers
C001356,5.0,1333.59,18.0,266.718,2.6,0.0,0.0,0.2920087883082506,0.4020501053547192,0.0,0.3059411063370301,2,Beauty Regulars
C001357,3.0,868.85,193.0,289.6166666666667,4.0,0.0,0.6666666666666666,1.0,0.0,0.0,0.0,0,Accessory Collectors
C001358,5.0,2239.88,10.0,447.976,3.0,0.0,0.4,0.951827776488026,0.0481722235119738,0.0,0.0,0,Accessory Collectors
C001359,3.0,509.61,109.0,169.87,4.666666666666667,0.3333333333333333,1.0,0.4185749887168619,0.0,0.3993053511508801,0.182119660132258,0,Accessory Collectors
C001360,0.0,0.0,0.0,0.0,0.0,0.0,0.0,0.0,0.0,0.0,0.0,1,Trend-Driven Newcomers
C001361,6.0,1576.87,3.0,262.81166666666667,3.3333333333333335,0.1666666666666666,0.5,0.0,0.2440213841343928,0.6228795017978654,0.1330991140677418,4,Loyal Shoppers
C001362,0.0,0.0,0.0,0.0,0.0,0.0,0.0,0.0,0.0,0.0,0.0,1,Trend-Driven Newcomers
C001363,0.0,0.0,0.0,0.0,0.0,0.0,0.0,0.0,0.0,0.0,0.0,1,Trend-Driven Newcomers
C001364,3.0,528.7,202.0,176.23333333333335,4.0,0.0,0.3333333333333333,0.3006620011348591,0.0,0.1858520900321543,0.5134859088329866,3,Ready-to-Wear Focus
C001365,3.0,573.6,79.0,191.2,3.6666666666666665,0.3333333333333333,0.3333333333333333,0.0,0.8293584379358439,0.0,0.1706415620641562,2,Beauty Regulars
C001366,5.0,2020.5499999999995,19.0,404.11,2.6,0.0,0.4,0.2886243844497784,0.2904258741431788,0.0499270000742372,0.3710227413328054,3,Ready-to-Wear Focus
C001367,7.0,1671.5,71.0,238.78571428571428,4.142857142857143,0.0,0.0,0.0,0.4539694884833982,0.2131079868381693,0.3329225246784325,2,Beauty Regulars
C001368,4.0,1954.79,228.0,488.6975,3.5,0.0,0.5,0.1416776226602346,0.0,0.820384798367088,0.0379375789726773,4,Loyal Shoppers
C001369,2.0,371.61,44.0,185.805,4.5,0.0,0.0,0.6340249185974544,0.0,0.3659750814025456,0.0,0,Accessory Collectors
C001370,1.0,132.66,19.0,132.66,1.0,0.0,1.0,0.0,0.0,1.0,0.0,4,Loyal Shoppers
C001371,4.0,2365.47,51.0,591.3675,3.75,0.25,0.5,0.2296118741729973,0.0,0.1106799071643267,0.6597082186626758,3,Ready-to-Wear Focus
C001372,0.0,0.0,0.0,0.0,0.0,0.0,0.0,0.0,0.0,0.0,0.0,1,Trend-Driven Newcomers
C001373,4.0,2524.34,130.0,631.085,3.0,0.0,0.75,0.103559742348495,0.0,0.0,0.8964402576515049,3,Ready-to-Wear Focus
C001374,9.0,3684.16,11.0,409.3511111111111,3.888888888888889,0.1111111111111111,0.2222222222222222,0.1390249066272909,0.1882572961000608,0.6727177972726482,0.0,4,Loyal Shoppers
C001375,6.0,3842.43,128.0,640.4050000000001,3.3333333333333335,0.0,1.0,0.2034051368535016,0.3630489039488032,0.1073461325255112,0.326199826672184,3,Ready-to-Wear Focus
C001376,3.0,2258.59,20.0,752.8633333333333,3.0,0.0,1.0,0.3318309210613701,0.0,0.0,0.6681690789386299,3,Ready-to-Wear Focus
C001377,0.0,0.0,0.0,0.0,0.0,0.0,0.0,0.0,0.0,0.0,0.0,1,Trend-Driven Newcomers
C001378,6.0,2094.25,38.0,349.0416666666667,3.8333333333333335,0.0,0.1666666666666666,0.0274131550674465,0.7662265727587442,0.0,0.2063602721738092,2,Beauty Regulars
C001379,11.0,3390.58,19.0,308.23454545454547,4.090909090909091,0.0,0.0,0.054406620696164,0.5165694364975904,0.1830837201894661,0.2459402226167794,2,Beauty Regulars
C001380,3.0,772.27,20.0,257.42333333333335,4.0,0.3333333333333333,1.0,0.0,0.0,0.3938259934996827,0.6061740065003173,3,Ready-to-Wear Focus
C001381,3.0,1067.59,213.0,355.8633333333334,4.333333333333333,0.3333333333333333,0.0,0.0,0.4501259846944989,0.0,0.5498740153055012,3,Ready-to-Wear Focus
C001382,1.0,2278.88,156.0,2278.88,4.0,0.0,1.0,1.0,0.0,0.0,0.0,0,Accessory Collectors
C001383,6.0,868.65,45.0,144.775,4.0,0.5,0.3333333333333333,0.0,0.6597248604155874,0.0732631094226673,0.2670120301617453,2,Beauty Regulars
C001384,10.0,3403.72,36.0,340.37199999999996,4.0,0.2,0.8,0.3277179086411338,0.0255367656563994,0.0319268329944883,0.6148184927079783,3,Ready-to-Wear Focus
C001385,4.0,845.46,228.0,211.365,4.0,0.25,0.75,0.2416199465379793,0.0,0.6269722991034467,0.131407754358574,4,Loyal Shoppers
C001386,3.0,422.78,321.0,140.92666666666668,3.0,0.0,0.6666666666666666,0.3221297128530204,0.0,0.0,0.6778702871469795,3,Ready-to-Wear Focus
C001387,4.0,643.49,76.0,160.8725,3.75,0.0,0.25,0.0,0.2054732785280268,0.7945267214719731,0.0,4,Loyal Shoppers
C001388,5.0,2262.06,0.0,452.412,4.8,0.2,0.4,0.1839606376488687,0.0,0.8160393623511312,0.0,4,Loyal Shoppers
C001389,4.0,1362.35,43.0,340.5875,4.0,0.25,0.75,0.2452673688846478,0.0,0.7547326311153523,0.0,4,Loyal Shoppers
C001390,5.0,2905.53,111.0,581.106,3.6,0.4,0.8,0.8794574483829113,0.0,0.0,0.1205425516170888,0,Accessory Collectors
C001391,9.0,3444.9,35.0,382.76666666666665,4.333333333333333,0.2222222222222222,0.7777777777777778,0.5862898777903568,0.0,0.1982553920287962,0.215454730180847,0,Accessory Collectors
C001392,5.0,962.61,18.0,192.522,4.2,0.0,0.2,0.321500919375448,0.6208641090368893,0.0576349715876627,0.0,2,Beauty Regulars
C001393,1.0,99.04,29.0,99.04,2.0,0.0,1.0,0.0,0.0,0.0,1.0,3,Ready-to-Wear Focus
C001394,4.0,1262.01,290.0,315.5025,4.0,0.25,0.0,0.0,0.6020079080197462,0.3979920919802537,0.0,2,Beauty Regulars
C001395,4.0,1310.21,427.0,327.5525,6.25,0.0,0.5,0.0,0.5510261713771075,0.4489738286228925,0.0,2,Beauty Regulars
C001396,6.0,1314.02,46.0,219.00333333333333,4.166666666666667,0.1666666666666666,0.0,0.1554390344134792,0.5583096147699427,0.210841539702592,0.075409811113986,2,Beauty Regulars
C001397,8.0,1855.12,16.0,231.89,3.5,0.375,0.375,0.4887392729311312,0.0269524343438699,0.3563057915390918,0.1280025011859071,0,Accessory Collectors
C001398,5.0,3218.89,59.0,643.778,3.2,0.0,0.6,0.0,0.2439909409765478,0.5999490507597339,0.1560600082637182,4,Loyal Shoppers
C001399,5.0,1055.42,32.0,211.084,3.4,0.0,0.2,0.2572435618047791,0.0640882302779936,0.2680354740292963,0.4106327338879308,3,Ready-to-Wear Focus
C001400,5.0,2197.57,60.0,439.514,3.6,0.4,0.6,0.1661426029660033,0.6193659360111395,0.214491461022857,0.0,2,Beauty Regulars
C001401,3.0,1348.03,18.0,449.3433333333333,2.0,0.3333333333333333,0.3333333333333333,0.0,0.8593725658924505,0.0,0.1406274341075495,2,Beauty Regulars
C001402,11.0,2865.32,38.0,260.4836363636364,3.272727272727273,0.2727272727272727,0.0909090909090909,0.3168302318763699,0.399403906020968,0.2213365348372957,0.0624293272653665,2,Beauty Regulars
C001403,4.0,1602.44,12.0,400.61,3.5,0.25,1.0,0.3677329572402086,0.0,0.0,0.6322670427597913,3,Ready-to-Wear Focus
C001404,4.0,1275.85,130.0,318.9625,3.5,0.0,0.0,0.2525845514754869,0.7474154485245131,0.0,0.0,2,Beauty Regulars
C001405,2.0,315.44,288.0,157.72,4.0,0.0,0.0,0.0,1.0,0.0,0.0,2,Beauty Regulars
C001406,4.0,2142.6,148.0,535.65,3.25,0.0,0.75,0.3229767572108652,0.0,0.0,0.6770232427891346,3,Ready-to-Wear Focus
C001407,0.0,0.0,0.0,0.0,0.0,0.0,0.0,0.0,0.0,0.0,0.0,1,Trend-Driven Newcomers
C001408,9.0,4248.37,94.0,472.0411111111111,3.2222222222222223,0.2222222222222222,0.8888888888888888,0.2418504038019287,0.2120201394887921,0.0294230493106768,0.5167064073986023,3,Ready-to-Wear Focus
C001409,0.0,0.0,0.0,0.0,0.0,0.0,0.0,0.0,0.0,0.0,0.0,1,Trend-Driven Newcomers
C001410,1.0,163.14,387.0,163.14,4.0,0.0,1.0,1.0,0.0,0.0,0.0,0,Accessory Collectors
C001411,0.0,0.0,0.0,0.0,0.0,0.0,0.0,0.0,0.0,0.0,0.0,1,Trend-Driven Newcomers
C001412,4.0,1980.85,146.0,495.2125,3.75,0.0,0.75,0.5957190095161168,0.0,0.0,0.4042809904838831,0,Accessory Collectors
C001413,2.0,545.37,113.0,272.685,4.5,0.0,0.0,0.6758714267378111,0.3241285732621889,0.0,0.0,0,Accessory Collectors
C001414,2.0,777.1999999999999,106.0,388.6,3.0,0.0,0.0,0.712210499227998,0.287789500772002,0.0,0.0,0,Accessory Collectors
C001415,5.0,2997.67,237.0,599.534,3.4,0.0,0.2,0.3561532790467263,0.0,0.0508561649547815,0.5929905559984922,3,Ready-to-Wear Focus
C001416,3.0,810.2,22.0,270.06666666666666,4.333333333333333,0.0,1.0,0.0,0.2927795606023203,0.0,0.7072204393976795,3,Ready-to-Wear Focus
C001417,6.0,2081.39,156.0,346.8983333333333,4.166666666666667,0.0,0.3333333333333333,0.3178693084909603,0.2279342170376526,0.1578848750114106,0.2963115994599762,3,Ready-to-Wear Focus
C001418,6.0,1925.02,234.0,320.83666666666664,3.5,0.1666666666666666,0.1666666666666666,0.1656554217618518,0.2485896250428566,0.5857549531952915,0.0,4,Loyal Shoppers
C001419,0.0,0.0,0.0,0.0,0.0,0.0,0.0,0.0,0.0,0.0,0.0,1,Trend-Driven Newcomers
C001420,0.0,0.0,0.0,0.0,0.0,0.0,0.0,0.0,0.0,0.0,0.0,1,Trend-Driven Newcomers
C001421,5.0,1331.85,37.0,266.37,4.8,0.4,0.0,0.204317302999587,0.4742876450050681,0.3213950519953448,0.0,2,Beauty Regulars
C001422,0.0,0.0,0.0,0.0,0.0,0.0,0.0,0.0,0.0,0.0,0.0,1,Trend-Driven Newcomers
C001423,9.0,3647.55,38.0,405.28333333333336,2.4444444444444446,0.1111111111111111,1.0,0.2197749174103165,0.0,0.2394730709654425,0.5407520116242409,3,Ready-to-Wear Focus
C001424,6.0,3109.7999999999997,37.0,518.3,3.5,0.1666666666666666,0.5,0.4004180333140394,0.0592932021351855,0.5402887645507749,0.0,4,Loyal Shoppers
C001425,1.0,500.41,75.0,500.41,2.0,0.0,0.0,0.0,0.0,0.0,1.0,3,Ready-to-Wear Focus
C001426,4.0,1447.14,95.0,361.785,4.0,0.0,0.5,0.7553381151789046,0.0,0.0,0.2446618848210954,0,Accessory Collectors
C001427,12.0,3557.65,1.0,296.47083333333336,3.9166666666666665,0.0,0.4166666666666667,0.1751155959692493,0.3564319143254676,0.0835073714390117,0.3849451182662712,3,Ready-to-Wear Focus
C001428,1.0,194.2,221.0,194.2,6.0,0.0,0.0,0.0,0.0,1.0,0.0,4,Loyal Shoppers
C001429,1.0,145.0,437.0,145.0,3.0,0.0,0.0,0.0,0.0,1.0,0.0,4,Loyal Shoppers
C001430,4.0,663.05,200.0,165.7625,3.25,0.0,0.0,0.0,0.8023829273810422,0.1976170726189578,0.0,2,Beauty Regulars
C001431,3.0,1348.7199999999998,157.0,449.57333333333327,4.0,0.0,0.0,0.0,0.497219585977816,0.0,0.5027804140221841,2,Beauty Regulars
C001432,6.0,1502.09,6.0,250.34833333333336,2.5,0.0,0.1666666666666666,0.0332869535114407,0.0,0.3578014632944764,0.6089115831940829,3,Ready-to-Wear Focus
C001433,3.0,2257.91,124.0,752.6366666666667,3.3333333333333335,0.0,1.0,0.690811414095336,0.0,0.1114216244225855,0.1977669614820786,0,Accessory Collectors
C001434,8.0,2822.52,101.0,352.815,4.375,0.125,0.5,0.064343211031277,0.5941747091251789,0.2690999532332809,0.0723821266102631,2,Beauty Regulars
C001435,10.0,2210.03,49.0,221.003,3.5,0.3,0.1,0.1276317516051818,0.1951738211698483,0.5128482418790695,0.1643461853459002,4,Loyal Shoppers
C001436,8.0,3457.34,52.0,432.1675,4.25,0.125,0.125,0.0226792852308422,0.1164710442131812,0.7714948486408626,0.0893548219151139,4,Loyal Shoppers
C001437,4.0,512.64,139.0,128.16,2.75,0.0,0.5,0.0,0.2589341448189763,0.7410658551810237,0.0,4,Loyal Shoppers
C001438,7.0,1950.01,67.0,278.5728571428572,3.7142857142857144,0.2857142857142857,0.5714285714285714,0.4098645647971036,0.5529971641171071,0.0,0.0371382710857893,2,Beauty Regulars
C001439,11.0,1577.78,143.0,143.43454545454546,4.090909090909091,0.0,0.0,0.0,0.6213033502769715,0.2174891302969996,0.161207519426029,2,Beauty Regulars
C001440,5.0,1492.86,24.0,298.572,3.6,0.2,0.2,0.3187639832268263,0.503007649746125,0.1782283670270487,0.0,2,Beauty Regulars
C001441,3.0,817.6700000000001,57.0,272.5566666666667,5.666666666666667,0.0,0.3333333333333333,0.163684616043147,0.3101373414702753,0.5261780424865776,0.0,4,Loyal Shoppers
C001442,3.0,1750.53,53.0,583.51,3.6666666666666665,0.0,0.6666666666666666,0.0,0.0,0.0,1.0,3,Ready-to-Wear Focus
C001443,7.0,1879.3,74.0,268.4714285714286,3.5714285714285716,0.0,0.5714285714285714,0.1979673282605225,0.1620709838769754,0.2487894428776672,0.3911722449848347,3,Ready-to-Wear Focus
C001444,0.0,0.0,0.0,0.0,0.0,0.0,0.0,0.0,0.0,0.0,0.0,1,Trend-Driven Newcomers
C001445,8.0,2271.54,87.0,283.9425,3.625,0.375,0.75,0.47311955765692,0.0853385808746489,0.3074610176356128,0.1340808438328182,0,Accessory Collectors
C001446,7.0,1424.36,14.0,203.48,3.857142857142857,0.1428571428571428,0.1428571428571428,0.0,0.5621401892779915,0.2184209048274312,0.2194389058945772,2,Beauty Regulars
C001447,4.0,568.7,175.0,142.175,3.25,0.25,0.25,0.0,0.1181114823281167,0.639018814840865,0.2428697028310181,4,Loyal Shoppers
C001448,5.0,2515.26,2.0,503.052,4.0,0.0,0.6,0.9299595270469057,0.0,0.0700404729530943,0.0,0,Accessory Collectors
C001449,3.0,1133.17,71.0,377.72333333333336,3.0,0.0,0.0,0.0,0.8179531756047195,0.1820468243952804,0.0,2,Beauty Regulars
C001450,5.0,3000.74,19.0,600.1479999999999,4.4,0.4,1.0,0.0,0.0166625565693795,0.814182501649593,0.1691549417810273,4,Loyal Shoppers
C001451,3.0,406.75,131.0,135.58333333333334,4.333333333333333,0.3333333333333333,0.3333333333333333,0.0,0.1869207129686539,0.8130792870313461,0.0,4,Loyal Shoppers
C001452,4.0,2301.54,132.0,575.385,5.25,0.25,0.25,0.068428095970524,0.5319612085820798,0.3996106954473961,0.0,2,Beauty Regulars
C001453,0.0,0.0,0.0,0.0,0.0,0.0,0.0,0.0,0.0,0.0,0.0,1,Trend-Driven Newcomers
C001454,2.0,216.67,144.0,108.335,4.0,0.0,0.0,0.4605159920616605,0.0,0.5394840079383394,0.0,4,Loyal Shoppers
C001455,9.0,2207.3,19.0,245.2555555555556,2.888888888888889,0.0,0.5555555555555556,0.2585602319575952,0.144352829248403,0.2313369274679472,0.3657500113260544,3,Ready-to-Wear Focus
C001456,5.0,1434.39,3.0,286.878,3.8,0.2,0.8,0.1897252490605762,0.1866856294313262,0.2358214990344327,0.3877676224736648,3,Ready-to-Wear Focus
C001457,0.0,0.0,0.0,0.0,0.0,0.0,0.0,0.0,0.0,0.0,0.0,1,Trend-Driven Newcomers
C001458,0.0,0.0,0.0,0.0,0.0,0.0,0.0,0.0,0.0,0.0,0.0,1,Trend-Driven Newcomers
C001459,10.0,4559.110000000001,18.0,455.91100000000006,3.1,0.1,0.0,0.2188299909412144,0.3043971301416285,0.0,0.4767728789171571,3,Ready-to-Wear Focus
C001460,4.0,1034.94,118.0,258.735,3.0,0.25,0.5,0.0,0.5635495777532997,0.3172454441803389,0.1192049780663613,2,Beauty Regulars
C001461,0.0,0.0,0.0,0.0,0.0,0.0,0.0,0.0,0.0,0.0,0.0,1,Trend-Driven Newcomers
C001462,5.0,1592.92,181.0,318.584,4.0,0.2,0.2,0.5011613891469753,0.1629899806644401,0.2378838861964191,0.0979647439921653,0,Accessory Collectors
C001463,9.0,4430.51,69.0,492.2788888888889,3.888888888888889,0.3333333333333333,1.0,0.1738242324247095,0.3273754037345587,0.085920131091003,0.4128802327497285,3,Ready-to-Wear Focus
C001464,3.0,1931.56,90.0,643.8533333333334,3.6666666666666665,0.3333333333333333,1.0,0.9438640270040796,0.0,0.0,0.0561359729959203,0,Accessory Collectors
C001465,4.0,2164.33,106.0,541.0825,4.75,0.5,0.75,0.0,0.760489389326027,0.0236747630906562,0.2158358475833167,2,Beauty Regulars
C001466,3.0,533.34,39.0,177.78,4.333333333333333,0.0,0.0,0.0,0.7483781452731841,0.0,0.2516218547268159,2,Beauty Regulars
C001467,0.0,0.0,0.0,0.0,0.0,0.0,0.0,0.0,0.0,0.0,0.0,1,Trend-Driven Newcomers
C001468,8.0,1626.33,7.0,203.29125,4.5,0.25,0.375,0.1534805359305922,0.7101633739769911,0.1363560900924166,0.0,2,Beauty Regulars
C001469,4.0,1183.89,119.0,295.97249999999997,2.75,0.0,0.0,0.3620691111505292,0.4508864843862182,0.1870444044632525,0.0,2,Beauty Regulars
C001470,6.0,2047.04,149.0,341.17333333333335,3.6666666666666665,0.0,0.6666666666666666,0.2229121072377677,0.0747420665937158,0.0,0.7023458261685165,3,Ready-to-Wear Focus
C001471,3.0,1542.54,8.0,514.18,4.0,0.0,1.0,0.0,0.1616100716999235,0.3206983287305353,0.5176915995695411,3,Ready-to-Wear Focus
C001472,4.0,1423.19,112.0,355.7975,3.25,0.0,0.5,0.0,0.0,0.7096803659384903,0.2903196340615097,4,Loyal Shoppers
C001473,7.0,3241.2,55.0,463.0285714285714,4.0,0.0,0.2857142857142857,0.1167530544242873,0.7199864247809453,0.0438818955942243,0.119378625200543,2,Beauty Regulars
C001474,5.0,2034.57,73.0,406.914,4.0,0.0,0.8,0.1064696717242464,0.0,0.2970406523245698,0.5964896759511837,3,Ready-to-Wear Focus
C001475,4.0,866.3399999999999,58.0,216.585,3.0,0.0,0.0,0.0,0.8077890897338228,0.1922109102661773,0.0,2,Beauty Regulars
C001476,2.0,660.0799999999999,2.0,330.03999999999996,4.5,0.0,1.0,0.0,0.5351775542358502,0.0,0.4648224457641498,3,Ready-to-Wear Focus
C001477,2.0,507.62,202.0,253.81,4.5,0.0,1.0,0.0,0.5033095622709901,0.4966904377290099,0.0,4,Loyal Shoppers
C001478,0.0,0.0,0.0,0.0,0.0,0.0,0.0,0.0,0.0,0.0,0.0,1,Trend-Driven Newcomers
C001479,0.0,0.0,0.0,0.0,0.0,0.0,0.0,0.0,0.0,0.0,0.0,1,Trend-Driven Newcomers
C001480,0.0,0.0,0.0,0.0,0.0,0.0,0.0,0.0,0.0,0.0,0.0,1,Trend-Driven Newcomers
C001481,1.0,346.02,289.0,346.02,4.0,1.0,0.0,0.0,0.0,1.0,0.0,4,Loyal Shoppers
C001482,8.0,3477.05,44.0,434.63125,4.0,0.0,1.0,0.3663910498842409,0.0801857896780316,0.053904890640054,0.4995182697976733,3,Ready-to-Wear Focus
C001483,3.0,582.34,54.0,194.11333333333337,3.0,0.0,0.0,0.347735000171721,0.412027337981248,0.0,0.2402376618470309,2,Beauty Regulars
C001484,3.0,927.79,34.0,309.2633333333333,3.6666666666666665,0.0,1.0,0.0,0.0,0.1577619935545759,0.842238006445424,3,Ready-to-Wear Focus
C001485,1.0,238.38,41.0,238.38,2.0,0.0,0.0,0.0,0.0,0.0,1.0,3,Ready-to-Wear Focus
C001486,5.0,1588.59,75.0,317.71799999999996,4.0,0.0,0.2,0.0,0.4618120471613191,0.2096765055804203,0.3285114472582604,2,Beauty Regulars
C001487,6.0,3083.05,14.0,513.8416666666667,4.5,0.0,0.6666666666666666,0.1094046479946806,0.5675872918051929,0.3230080602001265,0.0,2,Beauty Regulars
C001488,0.0,0.0,0.0,0.0,0.0,0.0,0.0,0.0,0.0,0.0,0.0,1,Trend-Driven Newcomers
C001489,7.0,1815.67,6.0,259.38142857142856,3.4285714285714284,0.0,0.8571428571428571,0.591632840769523,0.1876552457219649,0.0,0.220711913508512,0,Accessory Collectors
C001490,1.0,706.55,196.0,706.55,4.0,0.0,0.0,1.0,0.0,0.0,0.0,0,Accessory Collectors
C001491,0.0,0.0,0.0,0.0,0.0,0.0,0.0,0.0,0.0,0.0,0.0,1,Trend-Driven Newcomers
C001492,5.0,1554.19,17.0,310.838,3.0,0.0,0.6,0.6721572008570381,0.3278427991429619,0.0,0.0,0,Accessory Collectors
C001493,7.0,3271.61,57.0,467.3728571428572,3.5714285714285716,0.2857142857142857,1.0,0.5543570291079927,0.0,0.0555689706291397,0.3900740002628676,0,Accessory Collectors
C001494,4.0,3182.42,117.0,795.605,4.25,0.0,0.0,0.2398960539463678,0.7601039460536321,0.0,0.0,2,Beauty Regulars
C001495,4.0,1036.73,25.0,259.1825,3.5,0.25,1.0,0.6124352531517367,0.0,0.0,0.3875647468482633,0,Accessory Collectors
C001496,7.0,5522.94,128.0,788.9914285714285,4.857142857142857,0.2857142857142857,0.8571428571428571,0.0,0.7798690552495591,0.0,0.2201309447504408,2,Beauty Regulars
C001497,4.0,661.78,26.0,165.445,4.5,0.0,0.0,0.0,0.3779352654960863,0.1278672670676055,0.4941974674363081,3,Ready-to-Wear Focus
C001498,12.0,1791.85,19.0,149.32083333333335,3.75,0.25,0.1666666666666666,0.1271032731534447,0.6990707927560901,0.1738259340904651,0.0,2,Beauty Regulars
C001499,6.0,1423.04,156.0,237.17333333333332,3.0,0.1666666666666666,0.1666666666666666,0.0,0.3736437485945582,0.6263562514054418,0.0,4,Loyal Shoppers
C001500,0.0,0.0,0.0,0.0,0.0,0.0,0.0,0.0,0.0,0.0,0.0,1,Trend-Driven Newcomers
C001501,2.0,224.12,1.0,112.06,3.5,0.0,0.0,0.522086382295199,0.0,0.477913617704801,0.0,4,Loyal Shoppers
C001502,1.0,86.87,34.0,86.87,5.0,0.0,0.0,0.0,1.0,0.0,0.0,2,Beauty Regulars
C001503,3.0,1192.52,206.0,397.50666666666666,3.3333333333333335,0.3333333333333333,0.6666666666666666,0.0,0.171368195082682,0.5794200516553182,0.2492117532619998,4,Loyal Shoppers
C001504,2.0,255.97,376.0,127.985,4.0,0.0,1.0,0.0,0.4131343516818377,0.0,0.5868656483181622,3,Ready-to-Wear Focus
C001505,7.0,878.38,2.0,125.48285714285714,4.428571428571429,0.0,0.0,0.1991962476376966,0.6179785514242127,0.1828252009380905,0.0,2,Beauty Regulars
C001506,2.0,911.54,1.0,455.77,3.0,0.0,0.5,0.0,0.1942097988020273,0.8057902011979727,0.0,4,Loyal Shoppers
C001507,2.0,1405.26,105.0,702.63,4.0,0.0,1.0,1.0,0.0,0.0,0.0,0,Accessory Collectors
C001508,4.0,535.6,155.0,133.9,4.25,0.25,0.0,0.218521284540702,0.4270724421209858,0.0,0.3544062733383121,2,Beauty Regulars
C001509,4.0,3334.82,0.0,833.705,4.0,0.5,0.25,0.0,0.0,0.8793518090931444,0.1206481909068555,4,Loyal Shoppers
C001510,0.0,0.0,0.0,0.0,0.0,0.0,0.0,0.0,0.0,0.0,0.0,1,Trend-Driven Newcomers
C001511,8.0,1381.94,28.0,172.7425,3.125,0.125,0.75,0.6820990781075879,0.1404040696412289,0.0991070524045906,0.0783897998465924,0,Accessory Collectors
C001512,6.0,1801.2,171.0,300.2,3.1666666666666665,0.1666666666666666,0.6666666666666666,0.292255163224517,0.0,0.0,0.707744836775483,3,Ready-to-Wear Focus
C001513,3.0,623.8399999999999,298.0,207.94666666666663,3.6666666666666665,0.6666666666666666,0.0,0.0,0.0,0.7400936137471147,0.2599063862528853,4,Loyal Shoppers
C001514,1.0,50.0,192.0,50.0,6.0,0.0,0.0,0.0,0.0,1.0,0.0,4,Loyal Shoppers
C001515,2.0,992.72,235.0,496.36,3.0,0.0,0.0,0.4092291884922234,0.5907708115077767,0.0,0.0,2,Beauty Regulars
C001516,8.0,3953.25,59.0,494.15625,4.125,0.0,0.5,0.5323695693416809,0.0299399228482893,0.4376905078100297,0.0,0,Accessory Collectors
C001517,0.0,0.0,0.0,0.0,0.0,0.0,0.0,0.0,0.0,0.0,0.0,1,Trend-Driven Newcomers
C001518,2.0,363.07,46.0,181.535,3.0,0.0,0.0,1.0,0.0,0.0,0.0,0,Accessory Collectors
C001519,4.0,1094.4,111.0,273.6,4.0,0.25,0.75,0.0,0.0,0.0898026315789473,0.9101973684210526,3,Ready-to-Wear Focus
C001520,1.0,552.17,58.0,552.17,7.0,0.0,0.0,0.0,1.0,0.0,0.0,2,Beauty Regulars
C001521,5.0,699.48,72.0,139.89600000000002,4.0,0.2,0.0,0.271058500600446,0.0789586550008577,0.5434036712986791,0.1065791731000171,4,Loyal Shoppers
C001522,3.0,2691.17,8.0,897.0566666666667,2.3333333333333335,0.0,1.0,0.4798767822173999,0.5201232177826001,0.0,0.0,0,Accessory Collectors
C001523,8.0,1251.66,65.0,156.4575,3.5,0.0,0.0,0.3033731204959813,0.1676813192080916,0.3442308614160395,0.1847146988798874,4,Loyal Shoppers
C001524,9.0,1641.45,48.0,182.38333333333333,4.777777777777778,0.1111111111111111,0.0,0.297968259770325,0.3553443601693624,0.3466873800603125,0.0,2,Beauty Regulars
C001525,1.0,333.66,433.0,333.66,4.0,0.0,0.0,0.0,0.0,0.0,1.0,3,Ready-to-Wear Focus
C001526,1.0,136.06,438.0,136.06,2.0,0.0,0.0,0.0,0.0,0.0,1.0,3,Ready-to-Wear Focus
C001527,1.0,555.45,465.0,555.45,6.0,0.0,1.0,0.0,0.0,1.0,0.0,4,Loyal Shoppers
C001528,1.0,213.85,472.0,213.85,4.0,0.0,1.0,0.0,0.0,1.0,0.0,4,Loyal Shoppers
C001529,4.0,1502.55,139.0,375.6375,3.75,0.0,0.75,0.7005956540547735,0.0,0.2994043459452265,0.0,0,Accessory Collectors
C001530,3.0,1401.19,3.0,467.06333333333333,3.6666666666666665,0.0,0.0,0.0,0.7566853888480506,0.2433146111519494,0.0,2,Beauty Regulars
C001531,8.0,2826.6099999999997,27.0,353.32624999999996,4.125,0.125,0.0,0.4662546301046129,0.1694397175415073,0.2759560038349825,0.0883496485188971,0,Accessory Collectors
C001532,9.0,2425.93,133.0,269.54777777777775,2.5555555555555554,0.3333333333333333,0.6666666666666666,0.1152547682744349,0.4042326035788337,0.1120807278033578,0.3684319003433735,3,Ready-to-Wear Focus
C001533,5.0,2562.5299999999997,14.0,512.506,3.4,0.0,0.4,0.0,0.6713482378742883,0.0,0.3286517621257117,2,Beauty Regulars
C001534,2.0,336.15999999999997,305.0,168.07999999999998,4.0,0.0,0.0,0.0,0.0,0.2878986197049024,0.7121013802950976,3,Ready-to-Wear Focus
C001535,2.0,735.1600000000001,303.0,367.58,2.0,0.5,0.0,0.0,0.0,0.6962565972033298,0.3037434027966701,4,Loyal Shoppers
C001536,2.0,833.22,169.0,416.61,4.0,0.0,0.5,0.5155901202563549,0.0,0.0,0.4844098797436451,3,Ready-to-Wear Focus
C001537,5.0,6864.8099999999995,175.0,1372.962,4.4,0.0,0.4,0.0,0.4932620130782935,0.1363460896951263,0.3703918972265801,2,Beauty Regulars
C001538,7.0,3122.65,17.0,446.0928571428571,3.0,0.2857142857142857,0.7142857142857143,0.8296799192993131,0.1005075817014394,0.0,0.0698124989992474,0,Accessory Collectors
C001539,1.0,126.02,390.0,126.02,4.0,0.0,0.0,1.0,0.0,0.0,0.0,0,Accessory Collectors
C001540,6.0,972.13,129.0,162.02166666666668,4.333333333333333,0.0,0.0,0.0,0.3600547251910752,0.12577535926265,0.5141699155462747,3,Ready-to-Wear Focus
C001541,1.0,234.5,275.0,234.5,2.0,0.0,1.0,1.0,0.0,0.0,0.0,0,Accessory Collectors
C001542,10.0,1735.19,7.0,173.519,4.9,0.1,0.0,0.0396959410784986,0.8800534811749722,0.0802505777465291,0.0,2,Beauty Regulars
C001543,6.0,2182.94,129.0,363.8233333333333,3.5,0.0,1.0,0.356606228297617,0.0474268646870734,0.1069612540885228,0.4890056529267868,3,Ready-to-Wear Focus
C001544,3.0,769.78,106.0,256.5933333333333,3.3333333333333335,0.0,0.0,0.0,0.6649432305333992,0.0,0.3350567694666009,2,Beauty Regulars
C001545,3.0,866.15,70.0,288.71666666666664,3.0,0.0,1.0,0.0,0.3987992841886509,0.0,0.601200715811349,3,Ready-to-Wear Focus
C001546,0.0,0.0,0.0,0.0,0.0,0.0,0.0,0.0,0.0,0.0,0.0,1,Trend-Driven Newcomers
C001547,8.0,2161.42,72.0,270.1775,3.25,0.125,0.875,0.1133606610469043,0.4793792969436758,0.0,0.4072600420094197,3,Ready-to-Wear Focus
C001548,4.0,2016.39,32.0,504.0975,3.75,0.0,0.75,0.1068493694176225,0.3899493649542003,0.2520643327927633,0.2511369328354138,3,Ready-to-Wear Focus
C001549,6.0,1884.9,48.0,314.15000000000003,2.8333333333333335,0.1666666666666666,0.3333333333333333,0.3388880046686827,0.0,0.0598917714467611,0.6012202238845562,3,Ready-to-Wear Focus
C001550,5.0,1127.96,77.0,225.592,3.0,0.2,0.2,0.1166796694918259,0.5727685378914146,0.3105517926167594,0.0,2,Beauty Regulars
C001551,2.0,1142.01,390.0,571.005,4.0,0.5,1.0,0.6290225129377152,0.0,0.0,0.3709774870622849,0,Accessory Collectors
C001552,4.0,855.27,302.0,213.8175,4.25,0.25,0.75,0.0,0.1316543313807335,0.2826709694014755,0.5856746992177908,3,Ready-to-Wear Focus
C001553,3.0,711.75,84.0,237.25,3.3333333333333335,0.0,0.0,0.6967053038285915,0.0,0.0,0.3032946961714085,0,Accessory Collectors
C001554,0.0,0.0,0.0,0.0,0.0,0.0,0.0,0.0,0.0,0.0,0.0,1,Trend-Driven Newcomers
C001555,0.0,0.0,0.0,0.0,0.0,0.0,0.0,0.0,0.0,0.0,0.0,1,Trend-Driven Newcomers
C001556,8.0,2186.63,68.0,273.32875,4.25,0.0,0.0,0.0321545025907446,0.639248523984396,0.2237918623635457,0.1048051110613135,2,Beauty Regulars
C001557,4.0,2506.9800000000005,94.0,626.7450000000001,2.75,0.25,0.0,0.0,0.9800556845287955,0.0199443154712043,0.0,2,Beauty Regulars
C001558,7.0,2134.16,93.0,304.88,4.285714285714286,0.0,0.2857142857142857,0.0,0.915601454436406,0.0843985455635941,0.0,2,Beauty Regulars
C001559,7.0,3959.01,22.0,565.5728571428572,3.5714285714285716,0.0,0.5714285714285714,0.3786148557341355,0.1841318915587482,0.3434924387662572,0.0937608139408589,0,Accessory Collectors
C001560,0.0,0.0,0.0,0.0,0.0,0.0,0.0,0.0,0.0,0.0,0.0,1,Trend-Driven Newcomers
C001561,5.0,3207.26,88.0,641.452,2.4,0.0,1.0,0.3099561619575587,0.3776681653498625,0.0,0.3123756726925787,3,Ready-to-Wear Focus
C001562,2.0,808.47,437.0,404.235,3.5,0.0,0.5,0.0,0.6869024206216681,0.0,0.3130975793783319,2,Beauty Regulars
C001563,7.0,1359.12,40.0,194.16,4.428571428571429,0.1428571428571428,0.1428571428571428,0.159698922832421,0.432184060274295,0.224608570251339,0.1835084466419447,2,Beauty Regulars
C001564,0.0,0.0,0.0,0.0,0.0,0.0,0.0,0.0,0.0,0.0,0.0,1,Trend-Driven Newcomers
C001565,3.0,620.24,192.0,206.74666666666667,3.6666666666666665,0.3333333333333333,0.0,0.0,0.5084967109505998,0.4915032890494002,0.0,4,Loyal Shoppers
C001566,6.0,2238.12,36.0,373.02,4.333333333333333,0.1666666666666666,0.5,0.5942889568030311,0.1952263506871838,0.0295515879398781,0.1809331045699068,0,Accessory Collectors
C001567,11.0,5490.21,30.0,499.11,3.727272727272727,0.1818181818181818,0.5454545454545454,0.5292420508505139,0.1827726079694584,0.0,0.2879853411800278,0,Accessory Collectors
C001568,6.0,2479.2000000000003,56.0,413.2000000000001,3.3333333333333335,0.3333333333333333,0.5,0.0,0.3717368505969668,0.1655332365279122,0.462729912875121,3,Ready-to-Wear Focus
C001569,10.0,3863.35,13.0,386.335,4.1,0.1,0.8,0.1230952411766989,0.0885449156819858,0.3625920509402461,0.425767792201069,3,Ready-to-Wear Focus
C001570,3.0,1068.94,27.0,356.31333333333333,4.666666666666667,0.0,0.6666666666666666,0.8048440511160588,0.0,0.1951559488839411,0.0,0,Accessory Collectors
C001571,2.0,265.43,305.0,132.715,2.0,0.0,0.5,0.0,1.0,0.0,0.0,2,Beauty Regulars
C001572,3.0,1347.7,175.0,449.23333333333335,3.6666666666666665,0.0,0.0,0.5665355791348222,0.4334644208651777,0.0,0.0,2,Beauty Regulars
C001573,0.0,0.0,0.0,0.0,0.0,0.0,0.0,0.0,0.0,0.0,0.0,1,Trend-Driven Newcomers
C001574,8.0,3466.38,5.0,433.2975,4.0,0.0,0.75,0.2828368499702861,0.4052844754470081,0.0882621062895585,0.2236165682931473,3,Ready-to-Wear Focus
C001575,1.0,158.72,211.0,158.72,4.0,0.0,1.0,0.0,0.0,0.0,1.0,3,Ready-to-Wear Focus
C001576,1.0,276.32,405.0,276.32,4.0,0.0,0.0,1.0,0.0,0.0,0.0,0,Accessory Collectors
C001577,2.0,803.76,17.0,401.88,3.5,0.5,0.5,0.6115382701303872,0.0,0.0,0.3884617298696128,0,Accessory Collectors
C001578,9.0,2225.2799999999997,38.0,247.2533333333333,4.222222222222222,0.2222222222222222,0.0,0.0,0.3425681262582686,0.2432907319528329,0.4141411417888985,2,Beauty Regulars
C001579,6.0,1849.69,31.0,308.2816666666667,3.1666666666666665,0.3333333333333333,0.8333333333333334,0.3465445561148084,0.52268217917597,0.0,0.1307732647092215,2,Beauty Regulars
C001580,2.0,461.8,77.0,230.9,2.5,0.5,1.0,0.0,0.3070809874404504,0.6929190125595496,0.0,4,Loyal Shoppers
C001581,2.0,2036.86,276.0,1018.43,3.5,0.0,1.0,1.0,0.0,0.0,0.0,0,Accessory Collectors
C001582,3.0,2628.8599999999997,237.0,876.2866666666665,3.0,0.0,0.6666666666666666,0.0,0.2729928562190455,0.7270071437809545,0.0,4,Loyal Shoppers
C001583,2.0,510.8,273.0,255.4,4.5,0.0,1.0,0.404992169146437,0.595007830853563,0.0,0.0,0,Accessory Collectors
C001584,0.0,0.0,0.0,0.0,0.0,0.0,0.0,0.0,0.0,0.0,0.0,1,Trend-Driven Newcomers
C001585,4.0,1165.28,94.0,291.32,4.5,0.0,0.25,0.0,0.7748094878484142,0.0797748180694768,0.145415694082109,2,Beauty Regulars
C001586,4.0,1008.71,101.0,252.1775,3.75,0.0,1.0,0.435833886845575,0.0,0.0,0.5641661131544249,3,Ready-to-Wear Focus
C001587,0.0,0.0,0.0,0.0,0.0,0.0,0.0,0.0,0.0,0.0,0.0,1,Trend-Driven Newcomers
C001588,0.0,0.0,0.0,0.0,0.0,0.0,0.0,0.0,0.0,0.0,0.0,1,Trend-Driven Newcomers
C001589,4.0,666.48,332.0,166.62,4.5,0.0,0.75,0.8212099387828593,0.1787900612171407,0.0,0.0,0,Accessory Collectors
C001590,6.0,3223.58,21.0,537.2633333333333,4.166666666666667,0.3333333333333333,0.1666666666666666,0.3608627674821161,0.0408862196688154,0.1940048021144193,0.404246210734649,3,Ready-to-Wear Focus
C001591,3.0,1151.79,19.0,383.93,2.0,0.0,0.3333333333333333,0.1311350159317236,0.0,0.0,0.8688649840682764,3,Ready-to-Wear Focus
C001592,1.0,179.79,430.0,179.79,4.0,0.0,0.0,1.0,0.0,0.0,0.0,0,Accessory Collectors
C001593,3.0,734.26,127.0,244.75333333333333,4.333333333333333,0.0,0.3333333333333333,0.0,0.4081796638792798,0.438087326015308,0.1537330101054122,4,Loyal Shoppers
C001594,3.0,1091.43,141.0,363.81,3.6666666666666665,0.0,0.6666666666666666,0.0,1.0,0.0,0.0,2,Beauty Regulars
C001595,3.0,905.66,12.0,301.88666666666666,5.0,0.3333333333333333,0.6666666666666666,0.0,0.3112315880131617,0.0,0.6887684119868384,3,Ready-to-Wear Focus
C001596,1.0,161.82,68.0,161.82,4.0,0.0,0.0,0.0,0.0,0.0,1.0,3,Ready-to-Wear Focus
C001597,0.0,0.0,0.0,0.0,0.0,0.0,0.0,0.0,0.0,0.0,0.0,1,Trend-Driven Newcomers
C001598,1.0,393.85,277.0,393.85,3.0,0.0,1.0,1.0,0.0,0.0,0.0,0,Accessory Collectors
C001599,0.0,0.0,0.0,0.0,0.0,0.0,0.0,0.0,0.0,0.0,0.0,1,Trend-Driven Newcomers
C001600,1.0,103.28,291.0,103.28,3.0,0.0,0.0,1.0,0.0,0.0,0.0,0,Accessory Collectors
C001601,9.0,3161.58,47.0,351.28666666666663,4.333333333333333,0.2222222222222222,0.2222222222222222,0.0,0.6640066042927902,0.2177550465273692,0.1182383491798404,2,Beauty Regulars
C001602,4.0,794.33,153.0,198.5825,4.25,0.0,0.0,0.0,0.5906487228230082,0.4093512771769919,0.0,2,Beauty Regulars
C001603,3.0,944.21,206.0,314.7366666666667,3.3333333333333335,0.0,0.6666666666666666,0.5543893837176053,0.0,0.4456106162823948,0.0,0,Accessory Collectors
C001604,4.0,1022.8,213.0,255.7,3.75,0.5,0.5,0.6652718028940164,0.0609992178333985,0.2737289792725851,0.0,0,Accessory Collectors
C001605,4.0,1329.4,2.0,332.35,3.25,0.0,0.75,0.1716939972920114,0.0,0.0,0.8283060027079886,3,Ready-to-Wear Focus
C001606,1.0,127.92,118.0,127.92,3.0,0.0,1.0,0.0,0.0,0.0,1.0,3,Ready-to-Wear Focus
C001607,2.0,182.18,307.0,91.09,4.0,0.0,0.0,0.2744538368646393,0.7255461631353607,0.0,0.0,2,Beauty Regulars
C001608,4.0,1929.12,105.0,482.28,4.75,0.25,0.25,0.1747480716596167,0.7092871361035084,0.1159647922368748,0.0,2,Beauty Regulars
C001609,2.0,338.51,344.0,169.255,4.0,0.0,0.0,0.0,0.3027089303122507,0.0,0.6972910696877492,3,Ready-to-Wear Focus
C001610,0.0,0.0,0.0,0.0,0.0,0.0,0.0,0.0,0.0,0.0,0.0,1,Trend-Driven Newcomers
C001611,4.0,2183.7799999999997,123.0,545.9449999999999,2.75,0.0,1.0,0.3331700079678356,0.0,0.5296046305030727,0.1372253615290918,4,Loyal Shoppers
C001612,5.0,1085.02,31.0,217.004,4.4,0.0,0.0,0.0671969180291607,0.5125896296842454,0.0,0.4202134522865938,2,Beauty Regulars
C001613,0.0,0.0,0.0,0.0,0.0,0.0,0.0,0.0,0.0,0.0,0.0,1,Trend-Driven Newcomers
C001614,8.0,4246.12,1.0,530.765,3.875,0.125,0.5,0.4168582140872137,0.3754062532382504,0.2077355326745358,0.0,0,Accessory Collectors
C001615,5.0,4499.200000000001,21.0,899.8400000000001,3.4,0.0,0.8,0.3531561166429587,0.0,0.0751800320056898,0.5716638513513513,3,Ready-to-Wear Focus
C001616,1.0,551.17,35.0,551.17,4.0,0.0,0.0,0.0,0.0,0.0,1.0,3,Ready-to-Wear Focus
C001617,4.0,1466.74,158.0,366.685,3.5,0.0,0.25,0.3694315284235788,0.0,0.1247528532664275,0.5058156183099936,3,Ready-to-Wear Focus
C001618,3.0,1018.58,293.0,339.52666666666664,3.6666666666666665,0.0,0.6666666666666666,0.3960808183942351,0.0,0.0,0.603919181605765,3,Ready-to-Wear Focus
C001619,1.0,247.48,437.0,247.48,4.0,0.0,1.0,1.0,0.0,0.0,0.0,0,Accessory Collectors
C001620,7.0,2583.99,3.0,369.1414285714286,3.7142857142857144,0.2857142857142857,0.8571428571428571,0.4536975762290102,0.073320717185438,0.0,0.4729817065855519,3,Ready-to-Wear Focus
C001621,1.0,176.62,231.0,176.62,4.0,1.0,0.0,0.0,0.0,1.0,0.0,4,Loyal Shoppers
C001622,6.0,1565.49,33.0,260.915,4.0,0.0,0.3333333333333333,0.0,0.6919047710301567,0.0697736810838779,0.2383215478859654,2,Beauty Regulars
C001623,4.0,1719.89,204.0,429.9725,4.0,0.0,0.25,0.8453098744687161,0.0,0.154690125531284,0.0,0,Accessory Collectors
C001624,4.0,828.27,25.0,207.0675,3.5,0.25,0.0,0.0,0.7272869957863982,0.1198039286706025,0.1529090755429992,2,Beauty Regulars
C001625,7.0,3091.04,36.0,441.57714285714286,2.142857142857143,0.0,1.0,0.5726325120347844,0.0,0.1926018427454837,0.2347656452197318,0,Accessory Collectors
C001626,5.0,2032.59,34.0,406.518,2.4,0.2,1.0,0.0,0.246257238301871,0.55771700146119,0.196025760236939,4,Loyal Shoppers
C001627,1.0,253.56,526.0,253.56,2.0,0.0,1.0,1.0,0.0,0.0,0.0,0,Accessory Collectors
C001628,11.0,2392.34,12.0,217.48545454545456,3.8181818181818183,0.0909090909090909,0.0,0.1218723091199411,0.6523362063920681,0.1987551936597641,0.0270362908282267,2,Beauty Regulars
C001629,2.0,1823.78,148.0,911.89,5.0,0.0,0.0,0.2560122383182182,0.7439877616817817,0.0,0.0,2,Beauty Regulars
C001630,6.0,1790.21,38.0,298.36833333333334,3.8333333333333335,0.0,0.3333333333333333,0.7007110897604192,0.2992889102395808,0.0,0.0,0,Accessory Collectors
C001631,1.0,234.16,82.0,234.16,5.0,0.0,1.0,0.0,1.0,0.0,0.0,2,Beauty Regulars
C001632,3.0,1305.58,82.0,435.1933333333333,5.0,0.3333333333333333,1.0,0.3710304998544708,0.0,0.1000321696104413,0.528937330535088,3,Ready-to-Wear Focus
C001633,0.0,0.0,0.0,0.0,0.0,0.0,0.0,0.0,0.0,0.0,0.0,1,Trend-Driven Newcomers
C001634,1.0,153.39,130.0,153.39,3.0,0.0,0.0,0.0,1.0,0.0,0.0,2,Beauty Regulars
C001635,3.0,493.66,37.0,164.5533333333333,4.333333333333333,0.0,0.0,0.0,0.7297330146254508,0.2702669853745493,0.0,2,Beauty Regulars
C001636,5.0,1086.36,0.0,217.272,3.2,0.0,0.0,0.0,0.1202916160388821,0.7239589086490665,0.1557494753120512,4,Loyal Shoppers
C001637,4.0,514.49,172.0,128.6225,3.0,0.0,0.0,0.0,0.6763979863554199,0.3236020136445801,0.0,2,Beauty Regulars
C001638,5.0,859.26,205.0,171.852,2.4,0.0,0.0,0.0,0.3734143332635057,0.3465889253543746,0.2799967413821194,2,Beauty Regulars
C001639,5.0,925.6,149.0,185.12,3.6,0.0,0.2,0.8503133102852204,0.1496866897147795,0.0,0.0,0,Accessory Collectors
C001640,5.0,2725.05,190.0,545.01,3.6,0.2,1.0,0.3295462468578558,0.2472798664244692,0.0,0.4231738867176749,3,Ready-to-Wear Focus
C001641,0.0,0.0,0.0,0.0,0.0,0.0,0.0,0.0,0.0,0.0,0.0,1,Trend-Driven Newcomers
C001642,3.0,3491.63,23.0,1163.8766666666668,4.0,0.3333333333333333,1.0,0.9318856808997518,0.0681143191002483,0.0,0.0,0,Accessory Collectors
C001643,0.0,0.0,0.0,0.0,0.0,0.0,0.0,0.0,0.0,0.0,0.0,1,Trend-Driven Newcomers
C001644,2.0,608.1800000000001,157.0,304.09000000000003,5.0,0.0,0.0,0.0,0.7264296754250386,0.2735703245749613,0.0,2,Beauty Regulars
C001645,0.0,0.0,0.0,0.0,0.0,0.0,0.0,0.0,0.0,0.0,0.0,1,Trend-Driven Newcomers
C001646,1.0,176.66,202.0,176.66,2.0,0.0,0.0,0.0,1.0,0.0,0.0,2,Beauty Regulars
C001647,2.0,1307.82,371.0,653.91,4.5,0.0,0.5,0.0,1.0,0.0,0.0,2,Beauty Regulars
C001648,8.0,1809.74,14.0,226.2175,3.0,0.0,0.0,0.0682915777957054,0.7679169383447346,0.1637914838595599,0.0,2,Beauty Regulars
C001649,5.0,740.32,30.0,148.06400000000002,4.0,0.0,0.0,0.0,0.4437405446293495,0.0675383617894964,0.4887210935811541,2,Beauty Regulars
C001650,4.0,1264.41,251.0,316.10249999999996,4.0,0.25,0.0,0.0395441352093071,0.6132425399988928,0.3472133247918001,0.0,2,Beauty Regulars
C001651,0.0,0.0,0.0,0.0,0.0,0.0,0.0,0.0,0.0,0.0,0.0,1,Trend-Driven Newcomers
C001652,4.0,1745.21,169.0,436.3025,3.5,0.25,0.5,0.520137977664579,0.4798620223354209,0.0,0.0,0,Accessory Collectors
C001653,0.0,0.0,0.0,0.0,0.0,0.0,0.0,0.0,0.0,0.0,0.0,1,Trend-Driven Newcomers
C001654,2.0,825.5600000000001,237.0,412.78,3.5,0.0,0.5,0.0,0.0,0.7409515964920781,0.2590484035079219,4,Loyal Shoppers
C001655,4.0,778.3199999999999,104.0,194.58,3.5,0.0,0.25,0.0,0.0,0.7872725871107,0.2127274128893,4,Loyal Shoppers
C001656,5.0,2537.39,60.0,507.4779999999999,3.6,0.4,0.8,0.5013892227840419,0.0,0.0,0.4986107772159581,3,Ready-to-Wear Focus
C001657,2.0,449.65,346.0,224.825,4.0,0.5,0.0,0.0,0.6936506171466696,0.3063493828533304,0.0,2,Beauty Regulars
C001658,2.0,570.56,71.0,285.28,3.0,0.0,0.0,0.0,0.0,0.0,1.0,3,Ready-to-Wear Focus
C001659,8.0,2102.76,1.0,262.845,3.125,0.25,0.125,0.0,0.2524348950902623,0.6162900188323917,0.1312750860773459,4,Loyal Shoppers
C001660,2.0,600.29,70.0,300.145,3.5,0.0,0.0,0.0,0.731496443385697,0.2685035566143031,0.0,2,Beauty Regulars
C001661,7.0,2469.54,92.0,352.7914285714286,3.4285714285714284,0.1428571428571428,0.4285714285714285,0.0,0.8926682702041676,0.0,0.1073317297958324,2,Beauty Regulars
C001662,3.0,702.06,227.0,234.02,3.3333333333333335,0.6666666666666666,0.3333333333333333,0.8769905706065009,0.1230094293934991,0.0,0.0,0,Accessory Collectors
C001663,4.0,2338.71,11.0,584.6775,3.25,0.25,0.5,0.3484142967704418,0.0,0.6515857032295581,0.0,4,Loyal Shoppers
C001664,3.0,489.9,103.0,163.29999999999998,3.3333333333333335,0.0,0.0,0.2897325984894877,0.4443764033476219,0.0,0.2658909981628903,2,Beauty Regulars
C001665,1.0,247.01,138.0,247.01,4.0,1.0,0.0,0.0,1.0,0.0,0.0,2,Beauty Regulars
C001666,9.0,2263.83,60.0,251.53666666666663,4.111111111111111,0.2222222222222222,0.2222222222222222,0.1563456619975881,0.1603212255337194,0.2120786454813303,0.4712544669873621,3,Ready-to-Wear Focus
C001667,1.0,165.58,379.0,165.58,3.0,0.0,1.0,0.0,0.0,0.0,1.0,3,Ready-to-Wear Focus
C001668,7.0,2495.5499999999997,64.0,356.5071428571428,3.142857142857143,0.0,0.8571428571428571,0.6076696519805254,0.0,0.2734547494540282,0.1188755985654465,0,Accessory Collectors
C001669,4.0,1431.71,60.0,357.9275,4.0,0.0,0.75,0.186196925354995,0.2215672168246363,0.0,0.5922358578203687,3,Ready-to-Wear Focus
C001670,0.0,0.0,0.0,0.0,0.0,0.0,0.0,0.0,0.0,0.0,0.0,1,Trend-Driven Newcomers
C001671,0.0,0.0,0.0,0.0,0.0,0.0,0.0,0.0,0.0,0.0,0.0,1,Trend-Driven Newcomers
C001672,4.0,1763.04,107.0,440.76,3.75,0.0,0.5,0.3147234322533805,0.1338029766766494,0.3056311825029494,0.2458424085670205,0,Accessory Collectors
C001673,9.0,3062.4,13.0,340.26666666666665,3.6666666666666665,0.1111111111111111,0.3333333333333333,0.0849595088819226,0.2378689916405433,0.3506269592476488,0.326544540229885,3,Ready-to-Wear Focus
C001674,3.0,1975.85,30.0,658.6166666666667,4.0,0.0,0.3333333333333333,0.0,0.7433509628767366,0.0,0.2566490371232634,2,Beauty Regulars
C001675,5.0,750.73,35.0,150.14600000000002,3.8,0.0,0.6,0.1183248304983149,0.4323391898552076,0.172405525288719,0.2769304543577584,2,Beauty Regulars
C001676,2.0,643.1899999999999,80.0,321.59499999999997,3.5,0.0,0.5,0.189368615805594,0.0,0.8106313841944061,0.0,4,Loyal Shoppers
C001677,6.0,2096.85,16.0,349.47499999999997,3.3333333333333335,0.1666666666666666,0.0,0.0,0.2257052245034218,0.7742947754965782,0.0,4,Loyal Shoppers
C001678,3.0,911.9,292.0,303.96666666666664,4.333333333333333,0.0,0.6666666666666666,0.0,0.7341704134225244,0.2658295865774756,0.0,2,Beauty Regulars
C001679,8.0,4567.87,14.0,570.98375,4.125,0.125,1.0,0.5603881021132388,0.0971393669259414,0.116375903867667,0.2260966270931528,0,Accessory Collectors
C001680,7.0,2245.89,135.0,320.84142857142854,3.2857142857142856,0.1428571428571428,0.5714285714285714,0.1219115807096518,0.3955581083668389,0.0,0.4825303109235091,3,Ready-to-Wear Focus
C001681,7.0,2269.39,57.0,324.1985714285714,3.0,0.0,0.7142857142857143,0.3830985418989244,0.0,0.3137627291915448,0.3031387289095308,3,Ready-to-Wear Focus
C001682,5.0,2460.5400000000004,121.0,492.10800000000006,4.0,0.4,0.6,0.2847708226649434,0.0,0.7152291773350566,0.0,4,Loyal Shoppers
C001683,2.0,966.31,150.0,483.155,3.0,0.0,1.0,0.7765623868116857,0.0,0.2234376131883143,0.0,0,Accessory Collectors
C001684,2.0,242.68,76.0,121.34,5.5,0.0,0.5,0.0,1.0,0.0,0.0,2,Beauty Regulars
C001685,0.0,0.0,0.0,0.0,0.0,0.0,0.0,0.0,0.0,0.0,0.0,1,Trend-Driven Newcomers
C001686,6.0,2104.7200000000003,117.0,350.7866666666667,3.6666666666666665,0.3333333333333333,1.0,0.0,0.157655175035159,0.5954663803261242,0.2468784446387168,4,Loyal Shoppers
C001687,5.0,1282.89,15.0,256.578,3.4,0.2,1.0,0.7525742659152383,0.0,0.2474257340847617,0.0,0,Accessory Collectors
C001688,5.0,1171.13,130.0,234.22600000000003,3.4,0.0,0.0,0.0,0.870466984877853,0.1295330151221469,0.0,2,Beauty Regulars
C001689,3.0,374.13,318.0,124.71,3.0,0.0,1.0,0.6229118220939246,0.0,0.1336433859888274,0.243444791917248,0,Accessory Collectors
C001690,7.0,3108.58,162.0,444.0828571428571,3.7142857142857144,0.1428571428571428,0.5714285714285714,0.0,0.5317283132491362,0.2898719029267382,0.1783997838241254,2,Beauty Regulars
C001691,2.0,843.1600000000001,507.0,421.58,3.0,0.0,0.0,0.7096636462830305,0.0,0.0,0.2903363537169695,0,Accessory Collectors
C001692,7.0,4180.03,35.0,597.1471428571429,4.142857142857143,0.2857142857142857,0.5714285714285714,0.0,0.1318411590347437,0.5746370241361904,0.2935218168290658,4,Loyal Shoppers
C001693,4.0,2570.46,15.0,642.615,4.0,0.25,0.5,0.0476918528201177,0.8497700800634905,0.1025380671163916,0.0,2,Beauty Regulars
C001694,5.0,916.99,218.0,183.398,5.8,0.4,0.0,0.05874655121648,0.55899191921395,0.38226152956957,0.0,2,Beauty Regulars
C001695,4.0,1608.97,46.0,402.2425,3.5,0.25,1.0,0.4653536113165565,0.0,0.4187275089032113,0.115918879780232,0,Accessory Collectors
C001696,7.0,3560.8599999999997,70.0,508.6942857142857,3.857142857142857,0.2857142857142857,0.1428571428571428,0.1427604567435956,0.4337519587964705,0.1113944384221789,0.3120931460377549,2,Beauty Regulars
C001697,0.0,0.0,0.0,0.0,0.0,0.0,0.0,0.0,0.0,0.0,0.0,1,Trend-Driven Newcomers
C001698,7.0,3029.92,46.0,432.8457142857143,2.7142857142857144,0.1428571428571428,0.7142857142857143,0.7124313513228072,0.0,0.1982758620689655,0.0892927866082272,0,Accessory Collectors
C001699,3.0,947.66,474.0,315.88666666666666,2.6666666666666665,0.0,0.0,0.0,0.6370217166494312,0.0,0.3629782833505688,2,Beauty Regulars
C001700,6.0,1300.25,130.0,216.70833333333337,3.6666666666666665,0.0,0.8333333333333334,0.0,0.4042914824072294,0.4694712555277832,0.1262372620649875,4,Loyal Shoppers
C001701,5.0,1479.43,11.0,295.886,4.0,0.0,1.0,0.0916839593627275,0.1588246824790628,0.1230947053932933,0.6263966527649162,3,Ready-to-Wear Focus
C001702,5.0,1531.86,37.0,306.37199999999996,2.8,0.2,0.8,0.6085738905644118,0.0,0.0,0.3914261094355881,0,Accessory Collectors
C001703,6.0,1145.86,93.0,190.97666666666663,2.8333333333333335,0.3333333333333333,0.0,0.0,0.6847433368823416,0.3152566631176584,0.0,2,Beauty Regulars
C001704,7.0,3660.47,97.0,522.9242857142857,3.2857142857142856,0.2857142857142857,0.1428571428571428,0.0779298833209943,0.4776107986132928,0.2649468510874287,0.1795124669782841,2,Beauty Regulars
C001705,7.0,2500.06,75.0,357.15142857142854,3.4285714285714284,0.0,0.4285714285714285,0.1838955865059238,0.2227586537923089,0.5933457597017671,0.0,4,Loyal Shoppers
C001706,7.0,1293.41,13.0,184.77285714285716,5.571428571428571,0.0,0.0,0.0,0.1462104050533087,0.8537895949466914,0.0,4,Loyal Shoppers
C001707,3.0,1023.96,33.0,341.32,3.0,0.6666666666666666,0.6666666666666666,0.2296183444665807,0.0,0.5550119145279112,0.215369741005508,4,Loyal Shoppers
C001708,6.0,1557.27,0.0,259.545,2.8333333333333335,0.1666666666666666,0.6666666666666666,0.0,0.2225561399115118,0.3007249866753999,0.4767188734130883,3,Ready-to-Wear Focus
C001709,2.0,921.26,18.0,460.63,3.0,0.0,1.0,0.1148210060135032,0.8851789939864968,0.0,0.0,2,Beauty Regulars
C001710,2.0,1112.95,91.0,556.475,5.0,0.0,0.0,0.6184913967383979,0.0,0.3815086032616021,0.0,0,Accessory Collectors
C001711,4.0,774.88,390.0,193.72,3.75,0.25,0.25,0.0,0.7572011150113566,0.1571081973983068,0.0856906875903365,2,Beauty Regulars
C001712,3.0,1050.29,198.0,350.09666666666664,3.3333333333333335,0.0,0.3333333333333333,0.0,0.3102476458882785,0.6897523541117216,0.0,4,Loyal Shoppers
C001713,3.0,768.02,371.0,256.00666666666666,3.0,0.0,0.0,0.0,0.4064477487565428,0.0651024712898101,0.5284497799536471,3,Ready-to-Wear Focus
C001714,4.0,1585.11,200.0,396.2775,3.5,0.25,0.5,0.3194100093999786,0.0,0.6805899906000215,0.0,4,Loyal Shoppers
C001715,9.0,3591.53,4.0,399.058888888889,3.0,0.0,0.2222222222222222,0.3184381029811807,0.1281849239739052,0.4882181131718237,0.0651588598730903,4,Loyal Shoppers
C001716,2.0,1089.38,278.0,544.69,3.0,0.0,0.5,0.0,0.0,0.0,1.0,3,Ready-to-Wear Focus
C001717,1.0,53.82,504.0,53.82,2.0,0.0,0.0,1.0,0.0,0.0,0.0,0,Accessory Collectors
C001718,8.0,3002.45,132.0,375.30625,3.5,0.0,1.0,0.0941431164548951,0.1701144065679695,0.3197355493014038,0.4160069276757315,3,Ready-to-Wear Focus
C001719,6.0,1458.29,5.0,243.04833333333332,3.3333333333333335,0.0,0.6666666666666666,0.4904854315671094,0.1467266455917547,0.0,0.3627879228411358,0,Accessory Collectors
C001720,6.0,1973.95,7.0,328.9916666666667,2.6666666666666665,0.0,0.0,0.0,0.6233389903492996,0.1297955875275462,0.246865422123154,2,Beauty Regulars
C001721,1.0,1088.78,283.0,1088.78,7.0,0.0,1.0,0.0,0.0,1.0,0.0,4,Loyal Shoppers
C001722,6.0,2216.9,46.0,369.48333333333335,3.8333333333333335,0.1666666666666666,0.6666666666666666,0.1214263160268843,0.3731381659073481,0.0,0.5054355180657675,3,Ready-to-Wear Focus
C001723,0.0,0.0,0.0,0.0,0.0,0.0,0.0,0.0,0.0,0.0,0.0,1,Trend-Driven Newcomers
C001724,2.0,469.63,206.0,234.815,3.0,0.0,0.5,0.0,0.6106722313310479,0.0,0.3893277686689522,2,Beauty Regulars
C001725,7.0,2714.95,139.0,387.85,2.857142857142857,0.0,0.5714285714285714,0.5380872575922209,0.1553398773458074,0.0,0.3065728650619717,0,Accessory Collectors
C001726,6.0,3312.92,90.0,552.1533333333333,4.166666666666667,0.3333333333333333,0.8333333333333334,0.0877383094068073,0.2551314248457554,0.1314701230334569,0.5256601427139804,3,Ready-to-Wear Focus
C001727,6.0,1086.97,89.0,181.16166666666663,4.0,0.0,0.3333333333333333,0.0,0.5929878469506978,0.0,0.4070121530493022,2,Beauty Regulars
C001728,0.0,0.0,0.0,0.0,0.0,0.0,0.0,0.0,0.0,0.0,0.0,1,Trend-Driven Newcomers
C001729,5.0,1657.63,122.0,331.526,4.4,0.4,1.0,0.2549422971350663,0.1490682480408776,0.595989454824056,0.0,4,Loyal Shoppers
C001730,0.0,0.0,0.0,0.0,0.0,0.0,0.0,0.0,0.0,0.0,0.0,1,Trend-Driven Newcomers
C001731,5.0,3960.97,97.0,792.1940000000001,2.8,0.0,0.4,0.2289843144482286,0.6723050161955278,0.0987106693562435,0.0,2,Beauty Regulars
C001732,3.0,637.81,212.0,212.60333333333332,3.0,0.0,0.0,0.5933585236982801,0.0,0.40664147630172,0.0,0,Accessory Collectors
C001733,1.0,294.73,11.0,294.73,4.0,0.0,1.0,1.0,0.0,0.0,0.0,0,Accessory Collectors
C001734,3.0,644.94,45.0,214.98,3.3333333333333335,0.3333333333333333,0.3333333333333333,0.0,0.5322045461593327,0.4677954538406673,0.0,4,Loyal Shoppers
C001735,2.0,456.37,308.0,228.185,6.5,0.0,0.0,0.7489756118938581,0.0,0.2510243881061419,0.0,0,Accessory Collectors
C001736,5.0,1537.63,7.0,307.52599999999995,4.2,0.0,0.0,0.2613372527851303,0.6037798430051442,0.1348829042097253,0.0,2,Beauty Regulars
C001737,7.0,1410.23,10.0,201.46142857142857,4.285714285714286,0.0,0.0,0.0,0.1963013125518532,0.5854080540053751,0.2182906334427717,4,Loyal Shoppers
C001738,5.0,1609.24,24.0,321.848,3.8,0.2,0.8,0.1486850935845492,0.0470843379483482,0.228207103974547,0.5760234644925555,3,Ready-to-Wear Focus
C001739,10.0,1925.88,55.0,192.588,3.5,0.1,0.0,0.0942062849191019,0.3820746879348661,0.2536450869213035,0.2700739402247284,2,Beauty Regulars
C001740,6.0,1387.89,143.0,231.31500000000003,3.0,0.3333333333333333,0.8333333333333334,0.3959535698074055,0.3865436021586725,0.0,0.217502828033922,0,Accessory Collectors
C001741,10.0,3303.97,33.0,330.397,4.0,0.0,0.0,0.0563988171805434,0.3879665977596649,0.5556345850597917,0.0,4,Loyal Shoppers
C001742,2.0,747.61,86.0,373.805,3.5,0.0,0.5,0.1725632348416955,0.0,0.0,0.8274367651583044,3,Ready-to-Wear Focus
C001743,6.0,1864.62,346.0,310.77,4.166666666666667,0.0,0.1666666666666666,0.0,0.5952794671300319,0.0383295255869828,0.3663910072829853,2,Beauty Regulars
C001744,4.0,1425.7,336.0,356.425,3.5,0.25,1.0,0.2648102686399663,0.2996843655748053,0.2151434383110051,0.2203619274742232,0,Accessory Collectors
C001745,7.0,1178.72,31.0,168.38857142857142,3.857142857142857,0.0,0.0,0.0491210804940952,0.8355419438034478,0.1153369757024568,0.0,2,Beauty Regulars
C001746,6.0,1461.07,137.0,243.51166666666663,3.8333333333333335,0.1666666666666666,0.5,0.3437206978447302,0.0342214952055685,0.6220578069497011,0.0,4,Loyal Shoppers
C001747,12.0,4536.37,39.0,378.0308333333333,3.9166666666666665,0.1666666666666666,0.9166666666666666,0.1207242795450988,0.0377151775538591,0.3469029201762643,0.4946576227247777,3,Ready-to-Wear Focus
C001748,5.0,1885.61,156.0,377.122,4.2,0.0,1.0,0.3573326403657171,0.0,0.3583402718483673,0.2843270877859154,0,Accessory Collectors
C001749,4.0,1490.25,50.0,372.5625,3.75,0.25,0.5,0.7398020466364704,0.0970776715316222,0.0,0.1631202818319074,0,Accessory Collectors
C001750,3.0,395.87,296.0,131.95666666666668,3.6666666666666665,0.0,0.3333333333333333,0.1386061080657791,0.0,0.8613938919342208,0.0,4,Loyal Shoppers
C001751,4.0,695.1,219.0,173.775,3.25,0.0,0.25,0.2210904905768954,0.0,0.3962739174219536,0.3826355920011509,4,Loyal Shoppers
C001752,5.0,1417.96,52.0,283.592,2.6,0.2,0.2,0.4110835284493216,0.4044754435950238,0.1844410279556546,0.0,2,Beauty Regulars
C001753,4.0,1481.88,47.0,370.47,3.5,0.0,0.0,0.1531095635274111,0.1789956001835506,0.049916322509245,0.6179785137797932,3,Ready-to-Wear Focus
C001754,6.0,2002.78,25.0,333.7966666666667,4.5,0.3333333333333333,0.1666666666666666,0.0,0.3903623962691858,0.6096376037308142,0.0,4,Loyal Shoppers
C001755,8.0,2391.56,2.0,298.945,3.75,0.125,0.25,0.1362207094950576,0.2724246935054943,0.2473991871414474,0.3439554098580006,3,Ready-to-Wear Focus
C001756,2.0,447.15,422.0,223.575,3.5,0.0,0.5,1.0,0.0,0.0,0.0,0,Accessory Collectors
C001757,0.0,0.0,0.0,0.0,0.0,0.0,0.0,0.0,0.0,0.0,0.0,1,Trend-Driven Newcomers
C001758,5.0,1924.99,138.0,384.998,4.4,0.0,1.0,0.0,0.1884217580351067,0.233741473981683,0.5778367679832104,3,Ready-to-Wear Focus
C001759,5.0,1148.55,170.0,229.71,3.6,0.0,0.0,0.0435331504941012,0.4533629358756693,0.5031039136302293,0.0,4,Loyal Shoppers
C001760,11.0,3867.29,11.0,351.5718181818182,3.909090909090909,0.0,0.7272727272727273,0.2212479539936234,0.3783088415919158,0.1186670769453545,0.2817761274691063,3,Ready-to-Wear Focus
C001761,4.0,1755.26,149.0,438.815,2.75,0.25,0.75,0.764992080945273,0.0,0.0,0.2350079190547269,0,Accessory Collectors
C001762,1.0,263.07,139.0,263.07,4.0,0.0,0.0,0.0,0.0,0.0,1.0,3,Ready-to-Wear Focus
C001763,4.0,564.34,65.0,141.085,4.5,0.25,0.25,0.0,1.0,0.0,0.0,2,Beauty Regulars
C001764,3.0,907.18,271.0,302.3933333333334,3.0,0.0,0.6666666666666666,0.0,0.0,0.1315946118741594,0.8684053881258406,3,Ready-to-Wear Focus
C001765,6.0,1302.15,333.0,217.025,4.166666666666667,0.0,0.8333333333333334,0.5732672887148178,0.154260261874592,0.0,0.2724724494105901,0,Accessory Collectors
C001766,5.0,1435.01,37.0,287.002,3.4,0.0,0.0,0.0,0.0411356018424958,0.2506114939965576,0.7082529041609467,3,Ready-to-Wear Focus
C001767,7.0,3891.99,94.0,555.9985714285714,2.857142857142857,0.1428571428571428,0.8571428571428571,0.1510718167312865,0.0659893781844249,0.2325519849742676,0.5503868201100208,3,Ready-to-Wear Focus
C001768,2.0,1936.75,22.0,968.375,5.0,0.0,1.0,0.0,0.0,0.3435136181747773,0.6564863818252227,3,Ready-to-Wear Focus
C001769,7.0,3331.8199999999997,48.0,475.97428571428566,3.142857142857143,0.1428571428571428,0.8571428571428571,0.2432424320641571,0.3431998127149726,0.0765437508628917,0.3370140043579784,3,Ready-to-Wear Focus
C001770,5.0,2419.77,41.0,483.954,3.4,0.2,0.4,0.8586931815833737,0.1413068184166263,0.0,0.0,0,Accessory Collectors
C001771,5.0,1556.62,115.0,311.32399999999996,4.0,0.0,0.2,0.0,0.3798614947771453,0.1401305392452878,0.4800079659775668,3,Ready-to-Wear Focus
C001772,7.0,3484.15,6.0,497.7357142857143,3.4285714285714284,0.2857142857142857,1.0,0.3004176054417863,0.3198570670034298,0.325459581246502,0.0542657463082817,0,Accessory Collectors
C001773,1.0,335.65,457.0,335.65,3.0,0.0,0.0,1.0,0.0,0.0,0.0,0,Accessory Collectors
C001774,2.0,682.67,44.0,341.335,2.0,0.0,0.0,0.5958515827559436,0.0,0.4041484172440564,0.0,0,Accessory Collectors
C001775,1.0,222.28,89.0,222.28,4.0,0.0,0.0,0.0,1.0,0.0,0.0,2,Beauty Regulars
C001776,5.0,3283.1800000000003,22.0,656.6360000000001,4.0,0.0,1.0,0.5511912231434158,0.0,0.3656820521567504,0.0831267246998336,0,Accessory Collectors
C001777,8.0,1869.7,2.0,233.7125,5.25,0.125,0.25,0.2542760870727924,0.3235171417874525,0.3299941167032144,0.0922126544365406,2,Beauty Regulars
C001778,3.0,377.74,207.0,125.91333333333334,6.0,0.3333333333333333,0.0,0.0,0.86763382220575,0.13236617779425,0.0,2,Beauty Regulars
C001779,5.0,2082.89,17.0,416.578,2.4,0.0,0.4,0.0,0.6363706196678653,0.0726298556332787,0.2909995246988559,2,Beauty Regulars
C001780,0.0,0.0,0.0,0.0,0.0,0.0,0.0,0.0,0.0,0.0,0.0,1,Trend-Driven Newcomers
C001781,2.0,819.5899999999999,303.0,409.795,4.0,0.0,0.5,0.303542014909894,0.696457985090106,0.0,0.0,2,Beauty Regulars
C001782,7.0,1818.88,35.0,259.84000000000003,3.2857142857142856,0.1428571428571428,0.7142857142857143,0.150339769528501,0.179830445109078,0.2887766097818438,0.381053175580577,3,Ready-to-Wear Focus
C001783,4.0,929.09,229.0,232.2725,2.5,0.25,1.0,0.0,0.0,0.7269694001657536,0.2730305998342464,4,Loyal Shoppers
C001784,1.0,67.21,54.0,67.21,2.0,1.0,0.0,0.0,0.0,0.0,1.0,3,Ready-to-Wear Focus
C001785,2.0,340.09000000000003,269.0,170.04500000000002,5.0,0.5,0.0,0.0,0.0,0.8357199564821077,0.1642800435178923,4,Loyal Shoppers
C001786,7.0,3532.68,33.0,504.6685714285714,3.0,0.2857142857142857,0.2857142857142857,0.0418350940362557,0.3431643964355673,0.5170833474868939,0.0979171620412831,4,Loyal Shoppers
C001787,5.0,1200.68,242.0,240.136,3.8,0.2,0.0,0.0,1.0,0.0,0.0,2,Beauty Regulars
C001788,5.0,2951.84,58.0,590.368,3.6,0.0,0.0,0.5411404412163261,0.0,0.1800978372811534,0.2787617215025204,0,Accessory Collectors
C001789,2.0,601.58,307.0,300.79,3.5,0.5,0.5,0.0,0.6757039795205957,0.0,0.3242960204794042,2,Beauty Regulars
C001790,1.0,332.13,303.0,332.13,1.0,0.0,0.0,1.0,0.0,0.0,0.0,0,Accessory Collectors
C001791,0.0,0.0,0.0,0.0,0.0,0.0,0.0,0.0,0.0,0.0,0.0,1,Trend-Driven Newcomers
C001792,7.0,1182.43,21.0,168.91857142857145,4.428571428571429,0.0,0.1428571428571428,0.3270891300119246,0.4842400818653112,0.1463849868491158,0.0422858012736483,2,Beauty Regulars
C001793,0.0,0.0,0.0,0.0,0.0,0.0,0.0,0.0,0.0,0.0,0.0,1,Trend-Driven Newcomers
C001794,6.0,1767.07,20.0,294.51166666666666,3.1666666666666665,0.0,1.0,0.0,0.4915877695846797,0.2067603433933008,0.3016518870220195,3,Ready-to-Wear Focus
C001795,2.0,422.09,3.0,211.045,2.0,0.0,1.0,0.0,0.0,0.0,1.0,3,Ready-to-Wear Focus
C001796,0.0,0.0,0.0,0.0,0.0,0.0,0.0,0.0,0.0,0.0,0.0,1,Trend-Driven Newcomers
C001797,3.0,1086.41,139.0,362.1366666666667,3.0,0.3333333333333333,0.6666666666666666,0.069108347677212,0.0,0.0,0.9308916523227878,3,Ready-to-Wear Focus
C001798,4.0,1727.0700000000002,132.0,431.7675,3.75,0.0,0.75,0.151221432831327,0.2414725517784455,0.1338857139548483,0.4734203014353789,3,Ready-to-Wear Focus
C001799,5.0,1115.78,114.0,223.156,2.8,0.0,0.2,0.0,0.5660345229346287,0.1125849181738335,0.3213805588915377,2,Beauty Regulars
C001800,3.0,1366.73,123.0,455.57666666666665,3.3333333333333335,0.3333333333333333,0.0,0.0,0.0538804299312958,0.5141542221214139,0.4319653479472902,4,Loyal Shoppers
C001801,2.0,1004.57,178.0,502.285,4.0,0.0,1.0,0.1385169774132215,0.0,0.0,0.8614830225867784,3,Ready-to-Wear Focus
C001802,7.0,1446.15,123.0,206.59285714285716,2.7142857142857144,0.1428571428571428,0.0,0.0,0.8297894409293641,0.1234104346022196,0.0468001244684161,2,Beauty Regulars
C001803,4.0,1535.9199999999998,148.0,383.98,3.25,0.0,0.5,0.0,0.7038192093338195,0.2961807906661804,0.0,2,Beauty Regulars
C001804,5.0,1309.01,91.0,261.802,3.6,0.2,0.0,0.0,0.852697840352633,0.1473021596473671,0.0,2,Beauty Regulars
C001805,3.0,342.07,38.0,114.02333333333333,4.0,0.0,0.6666666666666666,0.0,0.7503727307276289,0.0,0.2496272692723711,2,Beauty Regulars
C001806,1.0,50.0,488.0,50.0,6.0,0.0,0.0,0.0,0.0,1.0,0.0,4,Loyal Shoppers
C001807,11.0,1657.32,54.0,150.66545454545454,4.181818181818182,0.0,0.0909090909090909,0.0,0.9115499722443464,0.0,0.0884500277556537,2,Beauty Regulars
C001808,8.0,2840.84,56.0,355.105,3.25,0.25,0.875,0.6276594246772081,0.0,0.2108777685473311,0.1614628067754607,0,Accessory Collectors
C001809,3.0,1110.34,389.0,370.1133333333333,3.6666666666666665,0.3333333333333333,0.3333333333333333,0.1400742115027829,0.8599257884972171,0.0,0.0,2,Beauty Regulars
C001810,2.0,1169.23,190.0,584.615,5.0,0.0,1.0,0.0,1.0,0.0,0.0,2,Beauty Regulars
C001811,4.0,1083.18,4.0,270.795,4.0,0.25,0.0,0.3747484259310548,0.625251574068945,0.0,0.0,2,Beauty Regulars
C001812,3.0,1959.93,69.0,653.3100000000001,3.0,0.3333333333333333,1.0,0.773471501533218,0.0,0.0,0.2265284984667819,0,Accessory Collectors
C001813,5.0,2791.04,109.0,558.208,3.2,0.2,0.6,0.5477850550332493,0.0,0.2219925189176794,0.2302224260490713,0,Accessory Collectors
C001814,8.0,962.08,54.0,120.26,3.875,0.0,0.125,0.3644811242308332,0.2944973390986197,0.2697488774322302,0.0712726592383169,2,Beauty Regulars
C001815,0.0,0.0,0.0,0.0,0.0,0.0,0.0,0.0,0.0,0.0,0.0,1,Trend-Driven Newcomers
C001816,7.0,1863.56,126.0,266.22285714285715,4.285714285714286,0.2857142857142857,0.0,0.2080373049432269,0.6120006868574127,0.1799620081993603,0.0,2,Beauty Regulars
C001817,4.0,1821.48,63.0,455.37,4.0,0.0,0.75,0.0,0.1312833519994729,0.8321584645453148,0.0365581834552122,4,Loyal Shoppers
C001818,0.0,0.0,0.0,0.0,0.0,0.0,0.0,0.0,0.0,0.0,0.0,1,Trend-Driven Newcomers
C001819,7.0,1996.21,50.0,285.17285714285714,2.7142857142857144,0.0,0.7142857142857143,0.4476583125021916,0.2343691295004032,0.0,0.3179725579974051,0,Accessory Collectors
C001820,6.0,1509.65,174.0,251.60833333333335,3.8333333333333335,0.1666666666666666,0.5,0.4998575828834498,0.2375914947173185,0.1858576491239691,0.0766932732752624,0,Accessory Collectors
C001821,10.0,3572.45,12.0,357.245,3.2,0.0,0.6,0.5838458200954527,0.2983190807429075,0.1178350991616397,0.0,0,Accessory Collectors
C001822,0.0,0.0,0.0,0.0,0.0,0.0,0.0,0.0,0.0,0.0,0.0,1,Trend-Driven Newcomers
C001823,9.0,4341.72,52.0,482.41333333333336,4.111111111111111,0.1111111111111111,0.8888888888888888,0.2515408639893867,0.1804699520005896,0.2614148309886405,0.3065743530213832,3,Ready-to-Wear Focus
C001824,4.0,1816.82,75.0,454.205,2.75,0.0,0.5,0.3984599464999284,0.0,0.1933488182648803,0.4081912352351911,3,Ready-to-Wear Focus
C001825,6.0,2791.2799999999997,26.0,465.2133333333333,4.5,0.0,0.6666666666666666,0.7413480553724456,0.0,0.2586519446275544,0.0,0,Accessory Collectors
C001826,8.0,3209.9700000000003,12.0,401.24625,3.625,0.25,0.0,0.2187621691168453,0.5804446770530566,0.200793153830098,0.0,2,Beauty Regulars
C001827,0.0,0.0,0.0,0.0,0.0,0.0,0.0,0.0,0.0,0.0,0.0,1,Trend-Driven Newcomers
C001828,1.0,1171.38,252.0,1171.38,2.0,0.0,0.0,0.0,0.0,1.0,0.0,4,Loyal Shoppers
C001829,2.0,624.2,259.0,312.1,5.5,0.0,0.0,0.0,0.2070009612303748,0.0,0.7929990387696251,3,Ready-to-Wear Focus
C001830,6.0,930.81,137.0,155.135,2.8333333333333335,0.1666666666666666,0.0,0.0,0.2721822928417184,0.3753182711831631,0.3524994359751184,4,Loyal Shoppers
C001831,0.0,0.0,0.0,0.0,0.0,0.0,0.0,0.0,0.0,0.0,0.0,1,Trend-Driven Newcomers
C001832,8.0,2372.68,40.0,296.585,4.0,0.0,0.75,0.6646956184567662,0.1070392973346595,0.1202606335451894,0.1080044506633848,0,Accessory Collectors
C001833,7.0,3381.94,170.0,483.13428571428574,4.285714285714286,0.0,0.1428571428571428,0.539767115915717,0.2835532268461297,0.0473722183125661,0.129307438925587,0,Accessory Collectors
C001834,7.0,1182.79,40.0,168.97,4.285714285714286,0.1428571428571428,0.1428571428571428,0.2256867237633054,0.7743132762366947,0.0,0.0,2,Beauty Regulars
C001835,1.0,812.22,326.0,812.22,2.0,0.0,0.0,0.0,1.0,0.0,0.0,2,Beauty Regulars
C001836,3.0,505.0,3.0,168.33333333333334,4.0,0.0,0.0,0.2109900990099009,0.6574257425742575,0.1315841584158416,0.0,2,Beauty Regulars
C001837,5.0,1787.09,11.0,357.418,3.0,0.2,0.4,0.5700664208293931,0.4299335791706069,0.0,0.0,0,Accessory Collectors
C001838,6.0,2524.3900000000003,35.0,420.73166666666674,2.3333333333333335,0.0,0.3333333333333333,0.8838253994034202,0.0773216499827681,0.0388529506138116,0.0,0,Accessory Collectors
C001839,3.0,813.13,101.0,271.04333333333335,4.0,0.3333333333333333,1.0,0.7772311930441627,0.1612780244241388,0.0,0.0614907825316985,0,Accessory Collectors
C001840,10.0,2391.58,10.0,239.158,3.7,0.0,0.8,0.4826725428377892,0.0,0.1282666688967126,0.3890607882654981,3,Ready-to-Wear Focus
C001841,5.0,1997.79,64.0,399.558,3.0,0.2,0.0,0.0,0.3286381451503912,0.4446613507926258,0.2267005040569829,4,Loyal Shoppers
C001842,4.0,2554.86,89.0,638.715,4.0,0.0,0.75,0.1277878239903556,0.0,0.4282778704116859,0.4439343055979584,3,Ready-to-Wear Focus
C001843,6.0,1545.14,16.0,257.5233333333333,3.3333333333333335,0.0,0.3333333333333333,0.1140414460825556,0.7182067644355851,0.1677517894818592,0.0,2,Beauty Regulars
C001844,4.0,1093.27,77.0,273.3175,3.75,0.25,0.5,0.3276866647763132,0.0,0.6723133352236867,0.0,4,Loyal Shoppers
C001845,2.0,528.9100000000001,89.0,264.45500000000004,3.0,0.0,0.5,0.9054659582915808,0.0945340417084191,0.0,0.0,0,Accessory Collectors
C001846,4.0,829.26,196.0,207.315,4.0,0.0,0.25,0.0,1.0,0.0,0.0,2,Beauty Regulars
C001847,0.0,0.0,0.0,0.0,0.0,0.0,0.0,0.0,0.0,0.0,0.0,1,Trend-Driven Newcomers
C001848,4.0,1940.89,286.0,485.2225,3.0,0.0,0.75,0.5750506211068118,0.4249493788931882,0.0,0.0,0,Accessory Collectors
C001849,8.0,2183.13,21.0,272.89125,3.375,0.125,0.0,0.0940530339466729,0.7198242889795843,0.1112073032755722,0.0749153737981705,2,Beauty Regulars
C001850,0.0,0.0,0.0,0.0,0.0,0.0,0.0,0.0,0.0,0.0,0.0,1,Trend-Driven Newcomers
C001851,5.0,778.0899999999999,386.0,155.618,2.8,0.0,0.2,0.1343674896220231,0.7258671876004061,0.0,0.1397653227775707,2,Beauty Regulars
C001852,7.0,1336.89,39.0,190.9842857142857,4.142857142857143,0.0,0.0,0.1287615286223997,0.4043264591701636,0.3920816222725878,0.0748303899348488,2,Beauty Regulars
C001853,8.0,2564.32,31.0,320.54,3.375,0.0,0.0,0.0,0.0194983465402133,0.5423153116615711,0.4381863417982155,4,Loyal Shoppers
C001854,6.0,1874.43,108.0,312.405,3.5,0.1666666666666666,0.1666666666666666,0.3604082307688204,0.380243594052592,0.0632565633285852,0.1960916118500024,2,Beauty Regulars
C001855,6.0,1962.88,233.0,327.14666666666665,3.5,0.1666666666666666,0.1666666666666666,0.6365238832735572,0.0,0.3634761167264427,0.0,0,Accessory Collectors
C001856,3.0,345.40999999999997,36.0,115.13666666666666,4.0,0.0,0.6666666666666666,0.3621782808835876,0.6378217191164125,0.0,0.0,2,Beauty Regulars
C001857,7.0,3356.04,32.0,479.4342857142857,3.2857142857142856,0.0,0.7142857142857143,0.5797159747798,0.1654896842707476,0.044546548908833,0.2102477920406193,0,Accessory Collectors
C001858,7.0,2727.87,108.0,389.69571428571425,4.142857142857143,0.2857142857142857,0.5714285714285714,0.0552995560638886,0.8417519896476006,0.1029484542885108,0.0,2,Beauty Regulars
C001859,5.0,2465.77,83.0,493.154,4.4,0.2,0.8,0.7553745888708193,0.211390356764824,0.0332350543643567,0.0,0,Accessory Collectors
C001860,2.0,581.4200000000001,16.0,290.71000000000004,4.5,0.0,0.5,0.6814695056929586,0.0,0.3185304943070413,0.0,0,Accessory Collectors
C001861,4.0,3859.83,29.0,964.9575,4.0,0.0,1.0,0.0634328454880137,0.0,0.0742752919170015,0.8622918625949848,3,Ready-to-Wear Focus
C001862,1.0,177.3,494.0,177.3,4.0,0.0,0.0,0.0,0.0,0.0,1.0,3,Ready-to-Wear Focus
C001863,4.0,788.78,58.0,197.195,4.75,0.0,0.0,0.1391389234006947,0.1910038286974822,0.2675904561474682,0.4022667917543548,3,Ready-to-Wear Focus
C001864,4.0,912.97,267.0,228.2425,3.75,0.0,0.75,0.1312419904268486,0.0,0.6495394153148516,0.2192185942582998,4,Loyal Shoppers
C001865,4.0,1303.48,196.0,325.87,3.5,0.5,1.0,0.2900773314511922,0.2654816337803418,0.4444410347684659,0.0,4,Loyal Shoppers
C001866,5.0,1928.65,170.0,385.73,4.8,0.2,1.0,0.0548103595779431,0.5903300235916314,0.3548596168304254,0.0,2,Beauty Regulars
C001867,4.0,697.74,29.0,174.435,2.5,0.0,0.0,0.2317338836816005,0.5461346633416458,0.2221314529767535,0.0,2,Beauty Regulars
C001868,5.0,1742.05,11.0,348.40999999999997,4.0,0.2,1.0,0.1358629201228438,0.434568468184036,0.2138572371631124,0.2157113745300077,3,Ready-to-Wear Focus
C001869,6.0,1429.75,77.0,238.29166666666663,3.6666666666666665,0.0,0.0,0.2205490470361951,0.2495541178527714,0.2188984088127295,0.3109984262983039,2,Beauty Regulars
C001870,5.0,1850.21,87.0,370.042,3.0,0.0,0.6,0.0,0.5829338291329093,0.0,0.4170661708670908,2,Beauty Regulars
C001871,5.0,1564.4,61.0,312.88,3.4,0.0,0.6,0.0,0.2682689849143441,0.5290910253132192,0.2026399897724367,4,Loyal Shoppers
C001872,3.0,1788.9899999999998,341.0,596.3299999999999,3.0,0.6666666666666666,1.0,0.1938244484317967,0.0,0.0,0.8061755515682033,3,Ready-to-Wear Focus
C001873,1.0,265.45,507.0,265.45,4.0,0.0,0.0,0.0,0.0,0.0,1.0,3,Ready-to-Wear Focus
C001874,6.0,2625.49,280.0,437.58166666666665,2.3333333333333335,0.1666666666666666,0.6666666666666666,0.1224266708309686,0.3973391633561735,0.2010215236013086,0.279212642211549,3,Ready-to-Wear Focus
C001875,1.0,672.55,251.0,672.55,2.0,1.0,0.0,1.0,0.0,0.0,0.0,0,Accessory Collectors
C001876,8.0,3283.76,54.0,410.47,3.5,0.375,0.125,0.0,0.6400254586206057,0.314444417375204,0.0455301240041903,2,Beauty Regulars
C001877,3.0,2194.12,24.0,731.3733333333333,5.333333333333333,0.0,0.3333333333333333,0.0,0.3509653072758099,0.6490346927241901,0.0,4,Loyal Shoppers
C001878,5.0,1063.51,106.0,212.702,3.0,0.2,0.0,0.1177704017827759,0.2885539393141578,0.4413498697708531,0.1523257891322131,4,Loyal Shoppers
C001879,5.0,1408.12,127.0,281.624,4.6,0.0,0.2,0.0,0.8116211686503991,0.0,0.1883788313496008,2,Beauty Regulars
C001880,8.0,2468.7,177.0,308.5875,3.875,0.125,0.0,0.0,0.4954226921051566,0.5045773078948436,0.0,2,Beauty Regulars
C001881,7.0,2456.95,111.0,350.99285714285713,3.7142857142857144,0.0,0.8571428571428571,0.4160768432406032,0.0,0.1456561997598648,0.4382669569995319,3,Ready-to-Wear Focus
C001882,7.0,2119.12,31.0,302.7314285714286,3.2857142857142856,0.1428571428571428,0.0,0.5908915021329609,0.0309939975083997,0.2298265317679036,0.1482879685907357,0,Accessory Collectors
C001883,1.0,283.05,38.0,283.05,4.0,0.0,0.0,0.0,0.0,1.0,0.0,4,Loyal Shoppers
C001884,7.0,6037.54,211.0,862.5057142857142,4.714285714285714,0.0,0.7142857142857143,0.4096801014982924,0.3174703604448169,0.2217078478983162,0.0511416901585745,0,Accessory Collectors
C001885,3.0,389.63,81.0,129.8766666666667,4.0,0.0,1.0,0.3368067140620588,0.0,0.0,0.663193285937941,3,Ready-to-Wear Focus
C001886,1.0,292.06,42.0,292.06,4.0,1.0,1.0,0.0,1.0,0.0,0.0,2,Beauty Regulars
C001887,8.0,1591.29,114.0,198.91125,3.75,0.0,0.0,0.1129775213820234,0.8489087469914346,0.0,0.0381137316265419,2,Beauty Regulars
C001888,5.0,2591.74,4.0,518.348,3.2,0.4,1.0,0.7369604975807759,0.0,0.2630395024192242,0.0,0,Accessory Collectors
C001889,0.0,0.0,0.0,0.0,0.0,0.0,0.0,0.0,0.0,0.0,0.0,1,Trend-Driven Newcomers
C001890,1.0,663.93,487.0,663.93,5.0,0.0,0.0,0.0,1.0,0.0,0.0,2,Beauty Regulars
C001891,3.0,687.8299999999999,163.0,229.27666666666664,3.6666666666666665,0.0,0.0,0.0,0.6409141793757178,0.3590858206242822,0.0,2,Beauty Regulars
C001892,5.0,1891.92,18.0,378.384,5.2,0.4,0.6,0.0,0.0,1.0,0.0,4,Loyal Shoppers
C001893,2.0,229.83999999999995,124.0,114.92,4.5,0.0,0.0,0.0,1.0,0.0,0.0,2,Beauty Regulars
C001894,5.0,1669.59,117.0,333.918,4.0,0.0,0.6,0.091669212201798,0.4462592612557574,0.0,0.4620715265424446,3,Ready-to-Wear Focus
C001895,5.0,3621.23,3.0,724.246,3.8,0.0,0.8,0.1981950884091869,0.0,0.0770069838148916,0.7247979277759214,3,Ready-to-Wear Focus
C001896,0.0,0.0,0.0,0.0,0.0,0.0,0.0,0.0,0.0,0.0,0.0,1,Trend-Driven Newcomers
C001897,8.0,3776.15,24.0,472.01875,3.0,0.25,0.5,0.2873800034426598,0.4247447797359744,0.158637765978576,0.1292374508427896,2,Beauty Regulars
C001898,8.0,1491.33,47.0,186.41625,4.125,0.125,0.0,0.0,0.3373364714717735,0.4628553036551266,0.1998082248730998,4,Loyal Shoppers
C001899,7.0,4992.14,77.0,713.1628571428572,3.142857142857143,0.1428571428571428,0.8571428571428571,0.5658394996935183,0.0,0.0436085526447575,0.3905519476617243,0,Accessory Collectors
C001900,4.0,1281.45,241.0,320.3625,3.75,0.0,0.5,0.0,0.0,0.3042647001443677,0.6957352998556323,3,Ready-to-Wear Focus
C001901,0.0,0.0,0.0,0.0,0.0,0.0,0.0,0.0,0.0,0.0,0.0,1,Trend-Driven Newcomers
C001902,6.0,2245.67,74.0,374.27833333333336,3.8333333333333335,0.0,0.0,0.0,0.5818352651992501,0.3644346676047683,0.0537300671959816,2,Beauty Regulars
C001903,2.0,1165.67,2.0,582.835,3.0,0.0,1.0,0.0,0.2995530467456484,0.7004469532543516,0.0,4,Loyal Shoppers
C001904,2.0,217.87,205.0,108.935,2.5,0.0,1.0,0.0,0.7186395556983521,0.0,0.2813604443016477,2,Beauty Regulars
C001905,0.0,0.0,0.0,0.0,0.0,0.0,0.0,0.0,0.0,0.0,0.0,1,Trend-Driven Newcomers
C001906,6.0,2217.29,142.0,369.54833333333335,4.666666666666667,0.0,0.3333333333333333,0.0565239549179403,0.285655011297575,0.3289781670417492,0.3288428667427355,3,Ready-to-Wear Focus
C001907,10.0,3037.67,0.0,303.767,3.6,0.1,0.7,0.3343384896976959,0.5333495738510108,0.1018346298314168,0.0304773066198764,2,Beauty Regulars
C001908,2.0,657.0699999999999,207.0,328.53499999999997,3.0,0.0,1.0,0.0,0.0,0.097828237478503,0.902171762521497,3,Ready-to-Wear Focus
C001909,0.0,0.0,0.0,0.0,0.0,0.0,0.0,0.0,0.0,0.0,0.0,1,Trend-Driven Newcomers
C001910,5.0,1379.31,28.0,275.86199999999997,3.8,0.2,0.0,0.1382575345643836,0.240207060051765,0.3929138482284621,0.2286215571553893,4,Loyal Shoppers
C001911,4.0,908.68,52.0,227.17,5.25,0.25,0.0,0.0,0.2551173130254875,0.660892723511027,0.0839899634634855,4,Loyal Shoppers
C001912,5.0,1825.12,316.0,365.024,5.0,0.0,0.0,0.0938732795651792,0.7038057771543789,0.0,0.2023209432804418,2,Beauty Regulars
C001913,3.0,1344.31,261.0,448.1033333333333,3.6666666666666665,0.0,1.0,0.8567071583191378,0.0,0.0,0.1432928416808623,0,Accessory Collectors
C001914,9.0,3752.84,65.0,416.9822222222222,3.0,0.2222222222222222,1.0,0.7710720414406157,0.0,0.0292418541691092,0.1996861043902751,0,Accessory Collectors
C001915,4.0,1082.46,6.0,270.615,4.5,0.25,0.75,0.0,0.0923452136799512,0.5266522550486854,0.3810025312713633,4,Loyal Shoppers
C001916,7.0,1613.4,72.0,230.4857142857143,2.5714285714285716,0.1428571428571428,0.2857142857142857,0.7437337300111565,0.1060803272592041,0.1501859427296392,0.0,0,Accessory Collectors
C001917,10.0,2699.6,8.0,269.96,4.6,0.2,0.0,0.0,0.5107978959845902,0.0,0.4892021040154096,2,Beauty Regulars
C001918,3.0,575.26,294.0,191.75333333333333,2.3333333333333335,0.0,1.0,0.8746827521468554,0.0,0.0,0.1253172478531447,0,Accessory Collectors
C001919,0.0,0.0,0.0,0.0,0.0,0.0,0.0,0.0,0.0,0.0,0.0,1,Trend-Driven Newcomers
C001920,1.0,355.33,369.0,355.33,4.0,0.0,1.0,0.0,0.0,1.0,0.0,4,Loyal Shoppers
C001921,5.0,3456.0299999999997,170.0,691.2059999999999,3.8,0.4,1.0,0.2062077007433384,0.0532923614667696,0.0,0.7404999377898919,3,Ready-to-Wear Focus
C001922,6.0,1247.36,166.0,207.89333333333337,3.5,0.1666666666666666,0.8333333333333334,0.0,0.3724185479733196,0.1620943432529502,0.46548710877373,3,Ready-to-Wear Focus
C001923,7.0,734.45,80.0,104.92142857142858,3.142857142857143,0.2857142857142857,0.2857142857142857,0.2104023418884879,0.3533936959629655,0.0,0.4362039621485465,3,Ready-to-Wear Focus
C001924,8.0,2279.02,91.0,284.8775,4.0,0.0,0.75,0.3881536800905652,0.1957069266614597,0.2534071662381199,0.1627322270098551,0,Accessory Collectors
C001925,4.0,1169.5,47.0,292.375,3.75,0.0,0.25,0.1055493800769559,0.0,0.1902522445489525,0.7041983753740915,3,Ready-to-Wear Focus
C001926,0.0,0.0,0.0,0.0,0.0,0.0,0.0,0.0,0.0,0.0,0.0,1,Trend-Driven Newcomers
C001927,3.0,1431.13,113.0,477.04333333333335,3.3333333333333335,0.0,0.3333333333333333,0.0,0.0,0.3843047102639173,0.6156952897360827,3,Ready-to-Wear Focus
C001928,0.0,0.0,0.0,0.0,0.0,0.0,0.0,0.0,0.0,0.0,0.0,1,Trend-Driven Newcomers
C001929,9.0,3877.71,49.0,430.8566666666667,3.5555555555555554,0.1111111111111111,0.6666666666666666,0.0238671793403838,0.2287870934133805,0.10696519337444,0.6403805338717955,3,Ready-to-Wear Focus
C001930,9.0,4824.24,77.0,536.0266666666666,3.888888888888889,0.0,0.8888888888888888,0.2524625640515398,0.0,0.3851549674145565,0.3623824685339038,3,Ready-to-Wear Focus
C001931,0.0,0.0,0.0,0.0,0.0,0.0,0.0,0.0,0.0,0.0,0.0,1,Trend-Driven Newcomers
C001932,4.0,492.1,93.0,123.025,3.0,0.0,0.25,0.2595610648242227,0.0,0.5420239788660841,0.1984149563096931,4,Loyal Shoppers
C001933,7.0,2051.83,14.0,293.11857142857144,3.142857142857143,0.1428571428571428,0.8571428571428571,0.0,0.3463834723149579,0.5799652017954704,0.0736513258895717,4,Loyal Shoppers
C001934,6.0,1394.04,4.0,232.34,4.166666666666667,0.3333333333333333,0.0,0.0917692462196206,0.3729161286620182,0.0732977532925884,0.4620168718257726,2,Beauty Regulars
C001935,1.0,93.24,247.0,93.24,7.0,0.0,0.0,0.0,1.0,0.0,0.0,2,Beauty Regulars
C001936,2.0,1230.36,500.0,615.18,4.5,0.0,0.5,0.897794141552066,0.1022058584479339,0.0,0.0,0,Accessory Collectors
C001937,7.0,2617.8999999999996,108.0,373.9857142857142,2.5714285714285716,0.0,0.0,0.1079949577905955,0.2815768363955842,0.6104282058138202,0.0,4,Loyal Shoppers
C001938,13.0,4793.610000000001,44.0,368.7392307692308,3.6153846153846154,0.0769230769230769,0.2307692307692307,0.1613523002497074,0.3749449788364093,0.0,0.4637027209138832,3,Ready-to-Wear Focus
C001939,3.0,1547.73,91.0,515.91,3.6666666666666665,0.3333333333333333,0.6666666666666666,0.0,0.0,0.5318821758317019,0.468117824168298,4,Loyal Shoppers
C001940,3.0,795.5699999999999,282.0,265.19,3.3333333333333335,0.0,1.0,0.1700164661814799,0.0793896200208655,0.0,0.7505939137976545,3,Ready-to-Wear Focus
C001941,0.0,0.0,0.0,0.0,0.0,0.0,0.0,0.0,0.0,0.0,0.0,1,Trend-Driven Newcomers
C001942,0.0,0.0,0.0,0.0,0.0,0.0,0.0,0.0,0.0,0.0,0.0,1,Trend-Driven Newcomers
C001943,7.0,2117.12,7.0,302.44571428571425,4.0,0.0,0.2857142857142857,0.5300785973397824,0.2156089404474002,0.0758199818621523,0.178492480350665,0,Accessory Collectors
C001944,5.0,1458.65,223.0,291.73,3.0,0.2,0.4,0.5851095190758578,0.1006958489013814,0.0,0.3141946320227607,0,Accessory Collectors
C001945,2.0,339.15,44.0,169.575,3.0,0.0,0.5,0.0,0.2820580863924517,0.0,0.7179419136075483,3,Ready-to-Wear Focus
C001946,10.0,5320.89,66.0,532.089,3.4,0.0,0.1,0.404932257573451,0.0,0.4446944026281317,0.1503733397984171,4,Loyal Shoppers
C001947,3.0,936.38,69.0,312.1266666666667,2.0,0.0,0.6666666666666666,0.2923919776159251,0.3951066874559474,0.0,0.3125013349281275,3,Ready-to-Wear Focus
C001948,2.0,891.75,110.0,445.875,4.5,0.0,1.0,0.2725091112980095,0.0,0.7274908887019905,0.0,4,Loyal Shoppers
C001949,0.0,0.0,0.0,0.0,0.0,0.0,0.0,0.0,0.0,0.0,0.0,1,Trend-Driven Newcomers
C001950,5.0,1636.24,42.0,327.248,3.6,0.0,0.4,0.5936781890187259,0.2157079646017699,0.0,0.1906138463795042,0,Accessory Collectors
C001951,0.0,0.0,0.0,0.0,0.0,0.0,0.0,0.0,0.0,0.0,0.0,1,Trend-Driven Newcomers
C001952,2.0,896.4200000000001,143.0,448.21,4.5,0.5,0.0,0.0,0.0,0.2443832132259431,0.7556167867740567,3,Ready-to-Wear Focus
C001953,3.0,2347.08,94.0,782.36,3.6666666666666665,0.0,1.0,0.7308698467883499,0.2691301532116502,0.0,0.0,0,Accessory Collectors
C001954,4.0,785.9,71.0,196.475,4.0,0.0,0.75,0.594604911566357,0.3075073164524748,0.097887771981168,0.0,0,Accessory Collectors
C001955,0.0,0.0,0.0,0.0,0.0,0.0,0.0,0.0,0.0,0.0,0.0,1,Trend-Driven Newcomers
C001956,6.0,1655.91,146.0,275.98499999999996,4.0,0.1666666666666666,0.1666666666666666,0.0,0.3580931330809042,0.6419068669190958,0.0,4,Loyal Shoppers
C001957,5.0,1900.4,33.0,380.08,4.2,0.4,0.2,0.5020679856872237,0.4979320143127762,0.0,0.0,2,Beauty Regulars
C001958,2.0,1036.07,24.0,518.035,3.5,0.5,0.0,0.0,1.0,0.0,0.0,2,Beauty Regulars
C001959,3.0,690.12,316.0,230.04,2.3333333333333335,0.0,1.0,0.7742421607836318,0.2257578392163682,0.0,0.0,0,Accessory Collectors
C001960,3.0,689.95,4.0,229.98333333333335,3.3333333333333335,0.0,0.3333333333333333,0.7980143488658598,0.2019856511341402,0.0,0.0,0,Accessory Collectors
C001961,8.0,4599.13,16.0,574.89125,4.0,0.0,0.75,0.1304094470041072,0.7006629514712566,0.1393285251775879,0.0295990763470482,2,Beauty Regulars
C001962,5.0,1609.58,169.0,321.916,4.0,0.2,0.2,0.0,0.6680127735185577,0.3319872264814424,0.0,2,Beauty Regulars
C001963,1.0,186.26,395.0,186.26,5.0,1.0,1.0,0.0,1.0,0.0,0.0,2,Beauty Regulars
C001964,2.0,437.46,387.0,218.73,3.0,0.0,0.0,0.0,0.1929319252045901,0.8070680747954098,0.0,4,Loyal Shoppers
C001965,2.0,1258.02,173.0,629.01,4.5,0.0,0.0,0.0,0.0861433045579561,0.913856695442044,0.0,4,Loyal Shoppers
C001966,8.0,2279.24,103.0,284.905,3.75,0.125,0.0,0.247029711658272,0.4831171794106808,0.2698531089310472,0.0,2,Beauty Regulars
C001967,1.0,376.19,138.0,376.19,4.0,0.0,1.0,1.0,0.0,0.0,0.0,0,Accessory Collectors
C001968,3.0,964.26,2.0,321.42,4.666666666666667,0.3333333333333333,0.0,0.0,0.8582539978843879,0.1417460021156119,0.0,2,Beauty Regulars
C001969,8.0,1575.19,4.0,196.89875,4.0,0.0,0.125,0.0,0.4034306972492207,0.3640576692335527,0.2325116335172264,2,Beauty Regulars
C001970,5.0,1919.68,125.0,383.936,4.4,0.2,0.0,0.0,0.7838129271545258,0.102277462910485,0.1139096099349891,2,Beauty Regulars
C001971,0.0,0.0,0.0,0.0,0.0,0.0,0.0,0.0,0.0,0.0,0.0,1,Trend-Driven Newcomers
C001972,3.0,1130.74,14.0,376.91333333333336,4.0,0.3333333333333333,0.6666666666666666,0.0,0.5935935758883564,0.4064064241116437,0.0,2,Beauty Regulars
C001973,6.0,1560.88,81.0,260.14666666666665,4.166666666666667,0.0,0.0,0.3277894521039414,0.1682704628158474,0.45746630106094,0.0464737840192711,4,Loyal Shoppers
C001974,1.0,142.54,504.0,142.54,4.0,0.0,0.0,0.0,0.0,0.0,1.0,3,Ready-to-Wear Focus
C001975,5.0,1124.15,54.0,224.83,3.6,0.6,0.0,0.0,0.2104968198194191,0.3606547168972112,0.4288484632833697,4,Loyal Shoppers
C001976,4.0,1225.23,25.0,306.3075,2.25,0.0,0.25,0.2300874121593497,0.0,0.1108118475714763,0.6591007402691739,3,Ready-to-Wear Focus
C001977,0.0,0.0,0.0,0.0,0.0,0.0,0.0,0.0,0.0,0.0,0.0,1,Trend-Driven Newcomers
C001978,4.0,561.48,164.0,140.37,4.25,0.0,0.0,0.0,0.1957327064187504,0.4368632898767542,0.3674040037044952,4,Loyal Shoppers
C001979,3.0,1419.0600000000002,43.0,473.02,4.0,0.3333333333333333,0.6666666666666666,0.1771383873831973,0.0794892393556297,0.7433723732611729,0.0,4,Loyal Shoppers
C001980,7.0,2199.24,7.0,314.1771428571428,3.7142857142857144,0.1428571428571428,0.4285714285714285,0.3179780287735763,0.3132900456521344,0.1066004619777741,0.2621314635965152,3,Ready-to-Wear Focus
C001981,3.0,267.03999999999996,16.0,89.01333333333332,4.666666666666667,0.3333333333333333,0.3333333333333333,0.0,0.195176752546435,0.4280257639304973,0.3767974835230678,4,Loyal Shoppers
C001982,6.0,2001.98,76.0,333.66333333333336,3.3333333333333335,0.3333333333333333,0.8333333333333334,0.1923196035924434,0.153857680895913,0.5529226066194468,0.1009001088921967,4,Loyal Shoppers
C001983,2.0,1259.37,63.0,629.685,5.0,0.0,1.0,0.0,0.0,0.6174595234125,0.3825404765875001,4,Loyal Shoppers
C001984,6.0,2054.16,41.0,342.35999999999996,3.0,0.0,0.1666666666666666,0.3195077306538926,0.2435837519959497,0.4369085173501578,0.0,4,Loyal Shoppers
C001985,5.0,1264.19,86.0,252.838,4.8,0.0,0.6,0.1530070638116105,0.0,0.4034520127512478,0.4435409234371416,3,Ready-to-Wear Focus
C001986,0.0,0.0,0.0,0.0,0.0,0.0,0.0,0.0,0.0,0.0,0.0,1,Trend-Driven Newcomers
C001987,4.0,617.1800000000001,74.0,154.29500000000002,4.0,0.0,0.25,0.0,0.1948378106873197,0.389724229560258,0.4154379597524223,3,Ready-to-Wear Focus
C001988,9.0,4651.87,199.0,516.8744444444444,2.7777777777777777,0.2222222222222222,0.5555555555555556,0.089544634738288,0.5401268737088526,0.2440007996784089,0.1263276918744504,2,Beauty Regulars
C001989,3.0,689.85,25.0,229.95,3.6666666666666665,0.0,0.3333333333333333,0.0,0.6528665651953323,0.3471334348046677,0.0,2,Beauty Regulars
C001990,6.0,1080.26,29.0,180.04333333333332,2.5,0.3333333333333333,0.1666666666666666,0.0,0.4537796456408642,0.4889193342343509,0.0573010201247847,4,Loyal Shoppers
C001991,0.0,0.0,0.0,0.0,0.0,0.0,0.0,0.0,0.0,0.0,0.0,1,Trend-Driven Newcomers
C001992,2.0,1231.07,156.0,615.535,2.0,0.0,0.0,0.0,0.8201158341930191,0.0,0.1798841658069809,2,Beauty Regulars
C001993,2.0,918.09,41.0,459.045,3.0,0.0,1.0,0.7120325893975537,0.0,0.0,0.2879674106024463,0,Accessory Collectors
C001994,7.0,2382.32,139.0,340.3314285714286,4.142857142857143,0.1428571428571428,0.0,0.0,0.937220860337822,0.062779139662178,0.0,2,Beauty Regulars
C001995,4.0,1262.5,175.0,315.625,2.25,0.0,0.0,0.0396039603960396,0.2003881188118812,0.4878178217821782,0.272190099009901,4,Loyal Shoppers
C001996,6.0,2017.94,167.0,336.3233333333333,3.3333333333333335,0.0,0.0,0.1744204485762708,0.5620286034272575,0.0796802679960752,0.1838706800003964,2,Beauty Regulars
C001997,10.0,10659.57,3.0,1065.957,3.5,0.0,0.8,0.6081220912288207,0.0,0.1080156141382813,0.2838622946328979,0,Accessory Collectors
C001998,5.0,619.14,181.0,123.828,3.2,0.0,0.0,0.0,0.4707012953451561,0.3543625028265012,0.1749362018283425,2,Beauty Regulars
C001999,8.0,1534.63,120.0,191.82875,3.125,0.125,0.0,0.1157738347354085,0.5948274176837413,0.0,0.2893987475808501,2,Beauty Regulars
C002000,7.0,2718.87,125.0,388.41,3.857142857142857,0.1428571428571428,0.7142857142857143,0.3806176830815743,0.6193823169184257,0.0,0.0,2,Beauty Regulars
C002001,6.0,2133.43,62.0,355.57166666666666,4.666666666666667,0.0,0.6666666666666666,0.0819525365256886,0.1826682853433203,0.7353791781309909,0.0,4,Loyal Shoppers
C002002,7.0,3192.22,48.0,456.03142857142853,4.428571428571429,0.2857142857142857,0.0,0.0,0.4794030486620596,0.0465099523215818,0.4740869990163584,2,Beauty Regulars
C002003,5.0,1617.7199999999998,116.0,323.544,4.0,0.0,0.2,0.1543283139232994,0.3918539673120194,0.2348614098855178,0.2189563088791632,2,Beauty Regulars
C002004,2.0,882.6800000000001,150.0,441.34,4.0,0.0,0.0,0.7479380976118185,0.0,0.0,0.2520619023881814,0,Accessory Collectors
C002005,10.0,4724.7,37.0,472.47,4.6,0.1,0.7,0.1415412618790611,0.2517768323914746,0.1859165661311829,0.4207653395982813,3,Ready-to-Wear Focus
C002006,3.0,2355.25,115.0,785.0833333333334,3.6666666666666665,0.0,1.0,0.3384099352510349,0.4378346247744401,0.223755439974525,0.0,0,Accessory Collectors
C002007,3.0,632.72,33.0,210.90666666666667,2.6666666666666665,0.0,0.0,0.0,1.0,0.0,0.0,2,Beauty Regulars
C002008,2.0,847.1700000000001,139.0,423.585,1.5,0.5,1.0,0.0,0.0,1.0,0.0,4,Loyal Shoppers
C002009,1.0,229.92,487.0,229.92,4.0,0.0,0.0,0.0,0.0,0.0,1.0,3,Ready-to-Wear Focus
C002010,7.0,3992.55,252.0,570.3642857142858,3.7142857142857144,0.1428571428571428,0.8571428571428571,0.7401009379970195,0.0703961127600155,0.0413720554532817,0.1481308937896832,0,Accessory Collectors
C002011,1.0,446.6,174.0,446.6,7.0,0.0,1.0,0.0,1.0,0.0,0.0,2,Beauty Regulars
C002012,7.0,1201.04,41.0,171.57714285714286,3.2857142857142856,0.1428571428571428,0.4285714285714285,0.3299140744687937,0.6700859255312063,0.0,0.0,2,Beauty Regulars
C002013,6.0,938.43,26.0,156.405,3.3333333333333335,0.0,0.0,0.1672793921762944,0.6359557985145402,0.1967648093091653,0.0,2,Beauty Regulars
C002014,1.0,887.01,497.0,887.01,4.0,0.0,1.0,1.0,0.0,0.0,0.0,0,Accessory Collectors
C002015,5.0,2900.78,133.0,580.1560000000001,3.8,0.2,1.0,0.8259881824888479,0.0674887444066768,0.0,0.1065230731044753,0,Accessory Collectors
C002016,4.0,2173.27,239.0,543.3175,3.5,0.25,0.75,0.0,0.0,1.0,0.0,4,Loyal Shoppers
C002017,2.0,673.88,338.0,336.94,5.5,0.5,0.5,0.0,0.0,0.673903365584377,0.326096634415623,4,Loyal Shoppers
C002018,4.0,613.33,258.0,153.3325,4.0,0.25,0.0,0.1312833221919684,0.3565617204441328,0.0,0.5121549573638988,3,Ready-to-Wear Focus
C002019,0.0,0.0,0.0,0.0,0.0,0.0,0.0,0.0,0.0,0.0,0.0,1,Trend-Driven Newcomers
C002020,1.0,63.49,338.0,63.49,5.0,0.0,0.0,0.0,1.0,0.0,0.0,2,Beauty Regulars
C002021,7.0,2803.4,52.0,400.4857142857143,3.5714285714285716,0.1428571428571428,0.1428571428571428,0.296283084825569,0.2336198901334094,0.3629556966540629,0.1071413283869587,4,Loyal Shoppers
C002022,7.0,1773.12,0.0,253.3028571428571,3.7142857142857144,0.2857142857142857,0.1428571428571428,0.0,0.5811845785959213,0.2400345154304277,0.1787809059736509,2,Beauty Regulars
C002023,7.0,1004.44,78.0,143.49142857142857,3.4285714285714284,0.2857142857142857,0.1428571428571428,0.0,0.3181175580422922,0.4947234279797698,0.1871590139779379,4,Loyal Shoppers
C002024,7.0,3809.19,42.0,544.17,3.2857142857142856,0.1428571428571428,0.8571428571428571,0.6831583617514485,0.0,0.3168416382485515,0.0,0,Accessory Collectors
C002025,2.0,750.48,236.0,375.24,2.5,0.5,0.0,0.0,0.0,0.0,1.0,3,Ready-to-Wear Focus
C002026,1.0,423.11,308.0,423.11,4.0,0.0,1.0,1.0,0.0,0.0,0.0,0,Accessory Collectors
C002027,5.0,1001.84,16.0,200.368,2.2,0.4,0.0,0.6099876227740957,0.3900123772259043,0.0,0.0,0,Accessory Collectors
C002028,8.0,1955.52,59.0,244.44,4.0,0.125,0.625,0.1946234249713631,0.4652777777777778,0.0917914416625756,0.2483073555882834,2,Beauty Regulars
C002029,3.0,3115.0899999999997,113.0,1038.3633333333332,3.6666666666666665,0.3333333333333333,1.0,0.0429136878870273,0.0,0.9570863121129728,0.0,4,Loyal Shoppers
C002030,0.0,0.0,0.0,0.0,0.0,0.0,0.0,0.0,0.0,0.0,0.0,1,Trend-Driven Newcomers
C002031,6.0,2959.99,17.0,493.33166666666665,3.8333333333333335,0.1666666666666666,0.0,0.3065010354764712,0.2455988026986578,0.0,0.4479001618248711,3,Ready-to-Wear Focus
C002032,8.0,2908.76,108.0,363.595,3.25,0.125,0.625,0.1634063999779975,0.3852603858688926,0.0,0.4513332141531098,3,Ready-to-Wear Focus
C002033,7.0,3106.33,34.0,443.76142857142855,3.5714285714285716,0.1428571428571428,0.8571428571428571,0.1620722846574575,0.1077767011231903,0.0379772915305199,0.6921737226888321,3,Ready-to-Wear Focus
C002034,2.0,915.66,84.0,457.83,3.0,0.0,1.0,0.3996352357862088,0.0,0.0,0.6003647642137911,3,Ready-to-Wear Focus
C002035,5.0,1873.81,6.0,374.762,3.8,0.2,1.0,0.5785485187932609,0.0,0.4214514812067392,0.0,0,Accessory Collectors
C002036,3.0,1782.69,338.0,594.23,3.3333333333333335,0.0,0.0,0.5165900969882593,0.0,0.3377087435280391,0.1457011594837016,0,Accessory Collectors
C002037,6.0,1919.62,46.0,319.93666666666667,3.8333333333333335,0.0,0.5,0.0969254331586459,0.0,0.338275283649889,0.564799283191465,3,Ready-to-Wear Focus
C002038,6.0,1432.82,33.0,238.8033333333333,4.5,0.3333333333333333,0.5,0.3079800672799095,0.3854287349422817,0.0,0.3065911977778088,3,Ready-to-Wear Focus
C002039,6.0,1549.5,130.0,258.25,3.6666666666666665,0.0,0.0,0.1245498547918683,0.4299709583736689,0.209757986447241,0.2357212003872217,2,Beauty Regulars
C002040,7.0,1684.43,53.0,240.63285714285715,4.142857142857143,0.1428571428571428,0.1428571428571428,0.1402432870466567,0.6235818644882839,0.2361748484650593,0.0,2,Beauty Regulars
C002041,6.0,2451.19,119.0,408.5316666666667,3.6666666666666665,0.0,1.0,0.4498631277053186,0.3086704825003366,0.0,0.2414663897943448,0,Accessory Collectors
C002042,3.0,1305.61,131.0,435.2033333333334,4.0,0.3333333333333333,1.0,0.7665612242553289,0.0,0.0,0.233438775744671,0,Accessory Collectors
C002043,9.0,4091.85,52.0,454.65,3.6666666666666665,0.2222222222222222,0.4444444444444444,0.2662414311375051,0.5271283160428657,0.0330632843334921,0.1735669684861371,2,Beauty Regulars
C002044,3.0,1654.9499999999998,4.0,551.65,4.333333333333333,0.0,0.0,0.0,0.7088129550741715,0.0,0.2911870449258286,2,Beauty Regulars
C002045,0.0,0.0,0.0,0.0,0.0,0.0,0.0,0.0,0.0,0.0,0.0,1,Trend-Driven Newcomers
C002046,5.0,1203.23,10.0,240.646,3.8,0.2,0.0,0.0,0.2745277295280204,0.6312924378547743,0.0941798326172053,4,Loyal Shoppers
C002047,5.0,681.54,12.0,136.308,3.8,0.0,0.0,0.0,0.0733632655456759,0.4833758840273498,0.4432608504269743,4,Loyal Shoppers
C002048,2.0,557.27,305.0,278.635,4.0,0.0,1.0,0.6288872539343585,0.0,0.0,0.3711127460656414,0,Accessory Collectors
C002049,0.0,0.0,0.0,0.0,0.0,0.0,0.0,0.0,0.0,0.0,0.0,1,Trend-Driven Newcomers
C002050,4.0,1228.73,36.0,307.1825,3.5,0.0,0.25,0.3042735181854435,0.0,0.5243381377519878,0.1713883440625686,4,Loyal Shoppers
C002051,6.0,1969.21,130.0,328.20166666666665,4.0,0.0,0.0,0.0,0.7037085938015752,0.0,0.2962914061984247,2,Beauty Regulars
C002052,1.0,352.54,337.0,352.54,4.0,0.0,0.0,1.0,0.0,0.0,0.0,0,Accessory Collectors
C002053,11.0,2503.86,10.0,227.62363636363636,3.5454545454545454,0.0,0.1818181818181818,0.0761224669110892,0.5324778541931258,0.295763341400877,0.0956363374949078,2,Beauty Regulars
C002054,5.0,901.79,202.0,180.358,3.8,0.0,0.2,0.0,0.2110025615719846,0.5623482185431198,0.2266492198848956,4,Loyal Shoppers
C002055,6.0,1468.24,68.0,244.70666666666668,3.8333333333333335,0.3333333333333333,0.1666666666666666,0.3442829510161826,0.6165885686263826,0.0,0.0391284803574347,2,Beauty Regulars
C002056,4.0,1403.89,299.0,350.97249999999997,5.5,0.0,1.0,0.0,0.5019695275270855,0.4980304724729145,0.0,4,Loyal Shoppers
C002057,0.0,0.0,0.0,0.0,0.0,0.0,0.0,0.0,0.0,0.0,0.0,1,Trend-Driven Newcomers
C002058,5.0,1253.37,75.0,250.674,3.8,0.0,0.8,0.0,0.2519367784453114,0.4818369675355242,0.2662262540191643,4,Loyal Shoppers
C002059,1.0,172.58,354.0,172.58,4.0,0.0,0.0,0.0,1.0,0.0,0.0,2,Beauty Regulars
C002060,0.0,0.0,0.0,0.0,0.0,0.0,0.0,0.0,0.0,0.0,0.0,1,Trend-Driven Newcomers
C002061,1.0,133.85,170.0,133.85,2.0,0.0,0.0,0.0,0.0,0.0,1.0,3,Ready-to-Wear Focus
C002062,8.0,2198.59,24.0,274.82375,3.75,0.25,0.0,0.0227418481845182,0.7904520624582119,0.1027886054243856,0.0840174839328842,2,Beauty Regulars
C002063,3.0,1318.6799999999998,34.0,439.55999999999995,4.0,0.0,0.3333333333333333,0.0,0.1962871962871963,0.8037128037128037,0.0,4,Loyal Shoppers
C002064,3.0,1664.33,145.0,554.7766666666666,2.3333333333333335,0.0,1.0,1.0,0.0,0.0,0.0,0,Accessory Collectors
C002065,1.0,199.39,192.0,199.39,4.0,0.0,1.0,1.0,0.0,0.0,0.0,0,Accessory Collectors
C002066,7.0,1608.99,29.0,229.8557142857143,3.857142857142857,0.1428571428571428,0.1428571428571428,0.086209361152027,0.3973424322090255,0.5164482066389474,0.0,4,Loyal Shoppers
C002067,5.0,920.19,68.0,184.038,3.4,0.0,0.0,0.0,0.4293569806235668,0.5706430193764331,0.0,4,Loyal Shoppers
C002068,3.0,663.1,256.0,221.03333333333333,2.6666666666666665,0.0,0.0,0.247413663097572,0.752586336902428,0.0,0.0,2,Beauty Regulars
C002069,4.0,1107.49,2.0,276.8725,3.5,0.0,0.5,0.1377439073941977,0.6835276165021806,0.1787284761036217,0.0,2,Beauty Regulars
C002070,1.0,472.62,461.0,472.62,2.0,0.0,0.0,0.0,1.0,0.0,0.0,2,Beauty Regulars
C002071,5.0,1172.86,51.0,234.57200000000003,4.0,0.0,0.6,0.2165475845369438,0.0,0.3960319219685214,0.3874204934945346,3,Ready-to-Wear Focus
C002072,9.0,3044.02,13.0,338.22444444444443,3.5555555555555554,0.1111111111111111,0.8888888888888888,0.259288703753589,0.1079033646296673,0.3218474254439853,0.3109605061727584,3,Ready-to-Wear Focus
C002073,6.0,2250.54,56.0,375.09,5.333333333333333,0.0,0.8333333333333334,0.2055906582420219,0.0572573693424689,0.2577248127116159,0.4794271597038933,3,Ready-to-Wear Focus
C002074,5.0,1909.77,33.0,381.954,3.8,0.4,0.2,0.7440477125517733,0.0,0.0,0.2559522874482267,0,Accessory Collectors
C002075,7.0,1907.32,42.0,272.4742857142857,3.4285714285714284,0.0,0.1428571428571428,0.1669358052135981,0.3645481618186775,0.3651196443176813,0.103396388650043,2,Beauty Regulars
C002076,6.0,2301.49,37.0,383.58166666666665,3.6666666666666665,0.0,0.5,0.1546085362091514,0.1710022637508744,0.273631430073561,0.400757769966413,3,Ready-to-Wear Focus
C002077,0.0,0.0,0.0,0.0,0.0,0.0,0.0,0.0,0.0,0.0,0.0,1,Trend-Driven Newcomers
C002078,5.0,1110.0,72.0,222.0,4.6,0.4,0.0,0.0,0.4588378378378378,0.5411621621621622,0.0,4,Loyal Shoppers
C002079,3.0,815.0400000000001,201.0,271.68,3.0,0.0,0.6666666666666666,0.3948149784059678,0.2623552218296034,0.0,0.3428297997644288,3,Ready-to-Wear Focus
C002080,2.0,1006.28,4.0,503.14,5.0,0.0,0.0,0.5996641093930118,0.4003358906069881,0.0,0.0,0,Accessory Collectors
C002081,9.0,2311.49,60.0,256.8322222222222,3.0,0.2222222222222222,0.7777777777777778,0.422857118135921,0.0,0.1295008847107277,0.4476419971533513,3,Ready-to-Wear Focus
C002082,4.0,926.93,34.0,231.7325,3.0,0.0,0.5,0.2834626131423085,0.0,0.4489767296343844,0.2675606572233071,4,Loyal Shoppers
C002083,7.0,2160.39,173.0,308.6271428571428,4.0,0.1428571428571428,0.8571428571428571,0.3730715287517532,0.3536444808576229,0.1881975013770661,0.0850864890135577,0,Accessory Collectors
C002084,4.0,686.9000000000001,49.0,171.72500000000002,4.5,0.0,0.0,0.3908429174552336,0.1528606784102489,0.4562964041345173,0.0,4,Loyal Shoppers
C002085,6.0,1111.21,105.0,185.20166666666668,4.0,0.0,0.1666666666666666,0.3947498672618136,0.6052501327381863,0.0,0.0,2,Beauty Regulars
C002086,2.0,634.51,9.0,317.255,3.5,0.5,1.0,0.0,0.0,1.0,0.0,4,Loyal Shoppers
C002087,6.0,2571.47,61.0,428.5783333333333,3.0,0.0,0.6666666666666666,0.5882394116983671,0.2321007050441965,0.0,0.1796598832574364,0,Accessory Collectors
C002088,8.0,1692.16,7.0,211.52,3.125,0.125,0.125,0.0757966149773071,0.3553505578668683,0.0787277798789712,0.4901250472768532,3,Ready-to-Wear Focus
C002089,7.0,3984.59,148.0,569.2271428571428,3.4285714285714284,0.1428571428571428,0.8571428571428571,0.2788316991208631,0.0,0.5248695599798222,0.1962987408993146,4,Loyal Shoppers
C002090,6.0,1722.34,158.0,287.0566666666667,4.666666666666667,0.1666666666666666,0.0,0.0,0.8353170686391769,0.164682931360823,0.0,2,Beauty Regulars
C002091,4.0,952.66,142.0,238.165,3.5,0.0,0.0,0.0,0.2529233934457204,0.195830621627863,0.5512459849264165,3,Ready-to-Wear Focus
C002092,4.0,610.86,168.0,152.715,3.5,0.5,0.0,0.2357168581999149,0.7642831418000852,0.0,0.0,2,Beauty Regulars
C002093,7.0,2417.47,9.0,345.3528571428571,4.142857142857143,0.1428571428571428,0.0,0.0,0.6113457457589959,0.388654254241004,0.0,2,Beauty Regulars
C002094,5.0,818.37,142.0,163.674,4.0,0.4,0.0,0.0734753228979556,0.9265246771020444,0.0,0.0,2,Beauty Regulars
C002095,0.0,0.0,0.0,0.0,0.0,0.0,0.0,0.0,0.0,0.0,0.0,1,Trend-Driven Newcomers
C002096,6.0,3600.43,179.0,600.0716666666666,4.5,0.0,0.5,0.6930338876189789,0.0,0.0974800232194488,0.2094860891615724,0,Accessory Collectors
C002097,5.0,1950.59,50.0,390.118,5.2,0.0,0.6,0.2244705448095192,0.4397079857889152,0.3358214694015656,0.0,2,Beauty Regulars
C002098,5.0,2986.77,35.0,597.354,5.4,0.0,0.6,0.0,0.696679021149938,0.3033209788500621,0.0,2,Beauty Regulars
C002099,2.0,804.4100000000001,147.0,402.205,3.5,0.0,0.5,0.5147996668365634,0.0,0.0,0.4852003331634365,3,Ready-to-Wear Focus
C002100,5.0,1814.13,1.0,362.826,3.6,0.2,0.4,0.212018984306527,0.0658717952958167,0.2681726226896639,0.4539365977079922,3,Ready-to-Wear Focus
C002101,6.0,1697.35,6.0,282.8916666666667,3.5,0.1666666666666666,0.0,0.2772203729342799,0.2222994668159189,0.1354582142751937,0.3650219459746075,3,Ready-to-Wear Focus
C002102,4.0,1015.32,24.0,253.83,2.75,0.0,0.25,0.0,0.7858901627073238,0.1648642792420123,0.0492455580506638,2,Beauty Regulars
C002103,4.0,1132.58,77.0,283.145,3.75,0.0,0.25,0.0,0.7854897667272952,0.2145102332727048,0.0,2,Beauty Regulars
C002104,4.0,1671.59,14.0,417.8975,3.75,0.0,0.5,0.2975490401354399,0.2625584024790768,0.0,0.4398925573854833,3,Ready-to-Wear Focus
C002105,7.0,2047.27,26.0,292.46714285714285,3.5714285714285716,0.0,0.8571428571428571,0.2045651037723407,0.0833304840104138,0.443566310257074,0.2685381019601713,3,Ready-to-Wear Focus
C002106,0.0,0.0,0.0,0.0,0.0,0.0,0.0,0.0,0.0,0.0,0.0,1,Trend-Driven Newcomers
C002107,6.0,1990.15,48.0,331.69166666666666,3.6666666666666665,0.0,0.0,0.0421375273220611,0.5056151546365852,0.2469411853377886,0.205306132703565,2,Beauty Regulars
C002108,3.0,329.48,161.0,109.82666666666668,4.0,0.0,0.0,0.0,1.0,0.0,0.0,2,Beauty Regulars
C002109,7.0,1721.05,58.0,245.8642857142857,3.7142857142857144,0.1428571428571428,0.2857142857142857,0.7840213822956916,0.2159786177043084,0.0,0.0,0,Accessory Collectors
C002110,3.0,826.38,48.0,275.46,3.3333333333333335,0.0,0.6666666666666666,0.361698008180256,0.0,0.638301991819744,0.0,4,Loyal Shoppers
C002111,3.0,1986.26,263.0,662.0866666666667,4.333333333333333,0.0,1.0,0.0,0.1209408637338515,0.47036641728676,0.4086927189793884,3,Ready-to-Wear Focus
C002112,3.0,1168.97,230.0,389.6566666666667,4.0,0.0,0.0,0.8933163383149267,0.1066836616850731,0.0,0.0,0,Accessory Collectors
C002113,5.0,1457.74,28.0,291.548,4.0,0.0,1.0,0.7773814260430529,0.0924238890337097,0.1301946849232373,0.0,0,Accessory Collectors
C002114,4.0,524.53,128.0,131.1325,2.5,0.25,0.0,0.0,0.1952223895678035,0.6436619449793148,0.1611156654528816,4,Loyal Shoppers
C002115,4.0,1656.42,10.0,414.105,3.25,0.25,0.0,0.3918571376824718,0.0,0.4629622921722751,0.145180570145253,4,Loyal Shoppers
C002116,6.0,3204.07,59.0,534.0116666666667,4.5,0.0,0.3333333333333333,0.0487161641287487,0.809704532048301,0.1415793038229501,0.0,2,Beauty Regulars
C002117,8.0,3314.3999999999996,18.0,414.2999999999999,5.25,0.125,0.0,0.0769671735457398,0.8535843591600291,0.0694484672942312,0.0,2,Beauty Regulars
C002118,4.0,614.02,201.0,153.505,4.0,0.0,0.5,0.7264095632064101,0.0,0.1344093026285789,0.1391811341650109,0,Accessory Collectors
C002119,2.0,1022.31,68.0,511.155,2.5,0.0,1.0,1.0,0.0,0.0,0.0,0,Accessory Collectors
C002120,7.0,2573.15,11.0,367.5928571428571,4.714285714285714,0.2857142857142857,0.4285714285714285,0.0,0.4602763150224433,0.1887025630064318,0.3510211219711249,2,Beauty Regulars
C002121,4.0,1064.36,40.0,266.09000000000003,3.0,0.0,0.25,0.6213123379307753,0.0,0.0469765868691044,0.3317110752001203,0,Accessory Collectors
C002122,3.0,605.73,69.0,201.91,2.6666666666666665,0.0,0.0,0.0924999587274858,0.6135902134614433,0.2939098278110709,0.0,2,Beauty Regulars
C002123,4.0,1384.75,205.0,346.1875,3.5,0.25,0.25,0.4523993500631883,0.3083155804296804,0.2392850695071312,0.0,0,Accessory Collectors
C002124,1.0,400.37,98.0,400.37,4.0,0.0,1.0,0.0,1.0,0.0,0.0,2,Beauty Regulars
C002125,4.0,1383.02,20.0,345.755,4.25,0.0,0.75,0.0,0.4374701739671154,0.5625298260328846,0.0,4,Loyal Shoppers
C002126,6.0,2507.03,71.0,417.83833333333337,2.8333333333333335,0.1666666666666666,1.0,0.2228453588509112,0.4970223730868797,0.2801322680622091,0.0,2,Beauty Regulars
C002127,4.0,1163.62,148.0,290.905,4.25,0.0,0.25,0.4831817947439886,0.361595709939671,0.0,0.1552224953163404,0,Accessory Collectors
C002128,5.0,1732.15,65.0,346.43,2.2,0.0,0.0,0.0,0.5052218341367665,0.3478567098692376,0.1469214559939959,2,Beauty Regulars
C002129,4.0,2498.95,219.0,624.7375,3.5,0.5,1.0,0.0,0.0,0.0954280797935132,0.9045719202064868,3,Ready-to-Wear Focus
C002130,6.0,1236.51,4.0,206.085,3.6666666666666665,0.1666666666666666,0.5,0.3790021916523117,0.229395637722299,0.0736427525859071,0.3179594180394821,3,Ready-to-Wear Focus
C002131,7.0,2584.63,37.0,369.23285714285714,2.7142857142857144,0.1428571428571428,0.5714285714285714,0.3903189237918,0.2407307815818898,0.3689502946263101,0.0,0,Accessory Collectors
C002132,7.0,2173.4700000000003,152.0,310.4957142857143,4.714285714285714,0.0,0.1428571428571428,0.0,0.4647959254095984,0.2235089511242391,0.3116951234661624,2,Beauty Regulars
C002133,4.0,1818.58,68.0,454.645,5.25,0.0,0.0,0.1589646867336053,0.3724939238306811,0.4685413894357135,0.0,4,Loyal Shoppers
C002134,4.0,1501.91,56.0,375.4775,3.75,0.0,0.25,0.0,0.0,0.9316204033530636,0.0683795966469362,4,Loyal Shoppers
C002135,7.0,1232.74,0.0,176.1057142857143,3.0,0.1428571428571428,0.0,0.3146648928403393,0.5416470626409461,0.0,0.1436880445187143,2,Beauty Regulars
C002136,8.0,4865.9,24.0,608.2375,3.0,0.25,0.75,0.4176390801290615,0.1676072257958445,0.0716866355658768,0.3430670585092172,3,Ready-to-Wear Focus
C002137,0.0,0.0,0.0,0.0,0.0,0.0,0.0,0.0,0.0,0.0,0.0,1,Trend-Driven Newcomers
C002138,9.0,4346.9,73.0,482.9888888888888,3.3333333333333335,0.0,0.8888888888888888,0.3776208332374796,0.1267823046308863,0.3539280866824634,0.1416687754491707,0,Accessory Collectors
C002139,6.0,1336.07,30.0,222.6783333333333,4.0,0.1666666666666666,0.0,0.0,0.3647787915303839,0.1386753688055266,0.4965458396640894,3,Ready-to-Wear Focus
C002140,5.0,1923.46,160.0,384.692,3.6,0.0,0.8,0.4141702972767825,0.4095588158838759,0.1762708868393416,0.0,0,Accessory Collectors
C002141,5.0,1053.16,32.0,210.632,4.6,0.2,0.4,0.302071859926317,0.239526757567701,0.4042880474002051,0.0541133351057769,4,Loyal Shoppers
C002142,6.0,2670.54,8.0,445.09,3.1666666666666665,0.1666666666666666,0.1666666666666666,0.3543141087570304,0.6082402809918593,0.0374456102511102,0.0,2,Beauty Regulars
C002143,2.0,893.36,382.0,446.68,3.5,0.5,1.0,1.0,0.0,0.0,0.0,0,Accessory Collectors
C002144,6.0,2164.79,35.0,360.79833333333335,2.6666666666666665,0.1666666666666666,0.8333333333333334,0.4575824906803893,0.18226710212076,0.2446934806609417,0.115456926537909,0,Accessory Collectors
C002145,5.0,2494.58,176.0,498.916,3.8,0.0,1.0,0.675308067891188,0.0,0.071358705673901,0.2533332264349109,0,Accessory Collectors
C002146,11.0,4137.31,2.0,376.11909090909097,4.090909090909091,0.0909090909090909,0.2727272727272727,0.1748793298060817,0.1868871319770575,0.2120024847062463,0.4262310535106143,3,Ready-to-Wear Focus
C002147,2.0,1879.5,44.0,939.75,3.0,0.0,1.0,0.9354296355413676,0.0,0.0,0.0645703644586326,0,Accessory Collectors
C002148,5.0,1760.39,122.0,352.078,4.2,0.4,0.2,0.7652281596691642,0.0585722481950022,0.1068967671936332,0.0693028249422003,0,Accessory Collectors
C002149,1.0,452.67,18.0,452.67,2.0,0.0,0.0,0.0,0.0,0.0,1.0,3,Ready-to-Wear Focus
C002150,0.0,0.0,0.0,0.0,0.0,0.0,0.0,0.0,0.0,0.0,0.0,1,Trend-Driven Newcomers
C002151,7.0,2244.45,12.0,320.63571428571424,4.285714285714286,0.1428571428571428,0.7142857142857143,0.3047383546080331,0.0,0.1430862794894072,0.5521753659025597,3,Ready-to-Wear Focus
C002152,0.0,0.0,0.0,0.0,0.0,0.0,0.0,0.0,0.0,0.0,0.0,1,Trend-Driven Newcomers
C002153,5.0,2330.06,38.0,466.012,4.0,0.0,0.8,0.0,0.1935143301030874,0.1705964653270731,0.6358892045698393,3,Ready-to-Wear Focus
C002154,2.0,2044.38,297.0,1022.19,1.5,0.0,0.5,0.0,0.0,1.0,0.0,4,Loyal Shoppers
C002155,6.0,1024.75,117.0,170.79166666666666,2.0,0.0,0.1666666666666666,0.3332422542083435,0.5556477189558429,0.1111100268358136,0.0,2,Beauty Regulars
C002156,6.0,1856.16,0.0,309.36,2.1666666666666665,0.1666666666666666,0.1666666666666666,0.2211339539694854,0.2491218429445737,0.529744203085941,0.0,4,Loyal Shoppers
C002157,1.0,775.42,98.0,775.42,3.0,0.0,1.0,1.0,0.0,0.0,0.0,0,Accessory Collectors
C002158,6.0,4283.05,130.0,713.8416666666667,3.6666666666666665,0.1666666666666666,0.8333333333333334,0.130972087647821,0.8328340785188123,0.0,0.0361938338333664,2,Beauty Regulars
C002159,2.0,553.51,151.0,276.755,3.5,0.0,0.5,0.1579736590124839,0.0,0.0,0.842026340987516,3,Ready-to-Wear Focus
C002160,1.0,50.38,190.0,50.38,5.0,0.0,0.0,0.0,1.0,0.0,0.0,2,Beauty Regulars
C002161,2.0,560.99,371.0,280.495,3.5,0.0,0.0,0.6531667231144941,0.0,0.0,0.3468332768855059,0,Accessory Collectors
C002162,1.0,314.97,406.0,314.97,6.0,1.0,0.0,0.0,1.0,0.0,0.0,2,Beauty Regulars
C002163,7.0,3665.33,251.0,523.6185714285714,3.857142857142857,0.0,0.7142857142857143,0.3337871351283513,0.2294963891382222,0.4367164757334264,0.0,4,Loyal Shoppers
C002164,2.0,452.29,200.0,226.145,3.0,0.0,0.0,1.0,0.0,0.0,0.0,0,Accessory Collectors
C002165,1.0,276.47,446.0,276.47,1.0,0.0,1.0,0.0,0.0,0.0,1.0,3,Ready-to-Wear Focus
C002166,5.0,3099.43,178.0,619.886,4.0,0.0,1.0,0.4502795675333851,0.0,0.36097605043508,0.1887443820315348,0,Accessory Collectors
C002167,6.0,976.02,27.0,162.67,3.6666666666666665,0.0,0.3333333333333333,0.0,0.3459662711829676,0.6540337288170325,0.0,4,Loyal Shoppers
C002168,3.0,2401.45,218.0,800.4833333333332,2.6666666666666665,0.0,0.0,0.5465739449082846,0.0,0.0,0.4534260550917154,0,Accessory Collectors
C002169,0.0,0.0,0.0,0.0,0.0,0.0,0.0,0.0,0.0,0.0,0.0,1,Trend-Driven Newcomers
C002170,6.0,2138.33,31.0,356.3883333333333,4.0,0.0,1.0,0.1406097281523431,0.0,0.5940102790495387,0.2653799927981182,4,Loyal Shoppers
C002171,2.0,929.82,99.0,464.91,5.0,0.5,0.5,0.0,0.0,0.5772730205846293,0.4227269794153707,4,Loyal Shoppers
C002172,4.0,1049.47,177.0,262.3675,5.25,0.25,0.0,0.0,0.2810561521529914,0.1478269983896633,0.5711168494573451,3,Ready-to-Wear Focus
C002173,5.0,1599.52,231.0,319.904,4.2,0.0,0.0,0.0,0.9113421526457938,0.0,0.0886578473542062,2,Beauty Regulars
C002174,3.0,681.32,347.0,227.10666666666668,3.0,0.3333333333333333,0.6666666666666666,0.3071831151294545,0.5745024364468971,0.0,0.1183144484236482,2,Beauty Regulars
C002175,7.0,3241.86,95.0,463.1228571428572,3.142857142857143,0.1428571428571428,0.5714285714285714,0.7862615905683773,0.0,0.1838851770280024,0.0298532324036201,0,Accessory Collectors
C002176,5.0,1091.64,250.0,218.32800000000003,3.0,0.0,0.2,0.4433604484995054,0.0,0.0,0.5566395515004947,3,Ready-to-Wear Focus
C002177,7.0,1722.31,55.0,246.0442857142857,3.7142857142857144,0.0,0.4285714285714285,0.1897916170724201,0.0,0.6260197060923992,0.1841886768351806,4,Loyal Shoppers
C002178,8.0,1116.39,138.0,139.54875,3.25,0.0,0.375,0.1815046713066222,0.428192656688075,0.1135266349573178,0.276776037047985,2,Beauty Regulars
C002179,7.0,1410.11,126.0,201.4442857142857,3.5714285714285716,0.2857142857142857,0.1428571428571428,0.1065590627681528,0.32878286091156,0.5646580763202871,0.0,4,Loyal Shoppers
C002180,1.0,520.03,426.0,520.03,4.0,0.0,0.0,0.0,1.0,0.0,0.0,2,Beauty Regulars
C002181,7.0,2518.52,14.0,359.7885714285714,3.857142857142857,0.2857142857142857,0.1428571428571428,0.5583715833108333,0.0,0.256992201769293,0.1846362149198735,0,Accessory Collectors
C002182,10.0,4021.48,131.0,402.148,4.1,0.1,0.7,0.2408864398181764,0.0,0.1827088534569362,0.5764047067248873,3,Ready-to-Wear Focus
C002183,5.0,2342.48,49.0,468.496,5.2,0.0,0.2,0.0,0.3515419555343055,0.6484580444656944,0.0,4,Loyal Shoppers
C002184,7.0,2265.17,36.0,323.5957142857143,3.4285714285714284,0.2857142857142857,0.2857142857142857,0.7631215317172662,0.0,0.1125301853724003,0.1243482829103334,0,Accessory Collectors
C002185,4.0,1069.12,92.0,267.28,2.5,0.0,1.0,0.2716439688715953,0.1904744088596228,0.1278715205028434,0.4100101017659384,3,Ready-to-Wear Focus
C002186,2.0,252.07,250.0,126.035,3.5,0.0,0.0,0.0,1.0,0.0,0.0,2,Beauty Regulars
C002187,0.0,0.0,0.0,0.0,0.0,0.0,0.0,0.0,0.0,0.0,0.0,1,Trend-Driven Newcomers
C002188,7.0,2810.26,10.0,401.46571428571434,4.571428571428571,0.0,0.1428571428571428,0.0,0.525520770320184,0.2562965704240889,0.2181826592557272,2,Beauty Regulars
C002189,0.0,0.0,0.0,0.0,0.0,0.0,0.0,0.0,0.0,0.0,0.0,1,Trend-Driven Newcomers
C002190,10.0,4201.11,73.0,420.111,3.4,0.1,0.9,0.3289368762065263,0.4322548088481376,0.1559183168257912,0.0828899981195445,0,Accessory Collectors
C002191,3.0,1431.46,222.0,477.15333333333336,4.0,0.3333333333333333,0.3333333333333333,0.2993656825898034,0.7006343174101967,0.0,0.0,2,Beauty Regulars
C002192,5.0,2253.68,56.0,450.736,3.0,0.0,0.6,0.0,0.267855241205495,0.4366724645912463,0.2954722942032586,4,Loyal Shoppers
C002193,4.0,2437.12,200.0,609.28,2.5,0.25,0.5,0.829918100052521,0.1208721769957983,0.0,0.0492097229516806,0,Accessory Collectors
C002194,3.0,1464.63,163.0,488.21,6.666666666666667,0.0,0.3333333333333333,0.0,0.8137618374606557,0.1862381625393444,0.0,2,Beauty Regulars
C002195,7.0,3335.75,9.0,476.5357142857143,3.5714285714285716,0.1428571428571428,0.2857142857142857,0.0739323990107172,0.1555782058007944,0.1652192160683504,0.6052701791201379,3,Ready-to-Wear Focus
C002196,3.0,1113.97,107.0,371.3233333333333,3.0,0.0,1.0,0.4330727039327809,0.0,0.0,0.566927296067219,3,Ready-to-Wear Focus
C002197,2.0,131.35,255.0,65.675,2.5,0.0,0.0,0.3806623524933384,0.0,0.6193376475066615,0.0,4,Loyal Shoppers
C002198,7.0,2314.0499999999997,69.0,330.57857142857137,4.428571428571429,0.2857142857142857,0.2857142857142857,0.3123528013655711,0.4665327024048745,0.1938506082409627,0.0272638879885914,2,Beauty Regulars
C002199,5.0,1403.02,132.0,280.604,3.8,0.0,0.4,0.1789425667488703,0.1133768584909694,0.7076805747601603,0.0,4,Loyal Shoppers
C002200,2.0,585.4200000000001,241.0,292.71000000000004,4.5,0.0,1.0,0.4147791329302039,0.0,0.585220867069796,0.0,4,Loyal Shoppers
C002201,3.0,1414.96,383.0,471.65333333333336,5.0,0.0,0.6666666666666666,0.0,0.4495674789393339,0.0,0.550432521060666,3,Ready-to-Wear Focus
C002202,3.0,781.62,154.0,260.54,5.0,0.0,0.0,0.3839973388603157,0.4842506588879506,0.1317520022517335,0.0,2,Beauty Regulars
C002203,5.0,1027.73,10.0,205.546,3.6,0.0,0.4,0.3454603835637765,0.5110194311735573,0.1435201852626662,0.0,2,Beauty Regulars
C002204,3.0,461.73,327.0,153.91,3.0,0.0,1.0,0.5054685638793234,0.4945314361206765,0.0,0.0,0,Accessory Collectors
C002205,0.0,0.0,0.0,0.0,0.0,0.0,0.0,0.0,0.0,0.0,0.0,1,Trend-Driven Newcomers
C002206,2.0,716.94,217.0,358.47,2.5,0.0,0.5,0.6646023377130582,0.0,0.3353976622869417,0.0,0,Accessory Collectors
C002207,6.0,944.43,151.0,157.405,3.8333333333333335,0.0,0.0,0.3312897726671114,0.6687102273328887,0.0,0.0,2,Beauty Regulars
C002208,5.0,1039.25,0.0,207.85,3.4,0.0,0.2,0.3082992542699062,0.5888573490497956,0.0,0.1028433966802983,2,Beauty Regulars
C002209,0.0,0.0,0.0,0.0,0.0,0.0,0.0,0.0,0.0,0.0,0.0,1,Trend-Driven Newcomers
C002210,2.0,202.33,296.0,101.165,3.0,0.5,0.0,0.0,0.0,1.0,0.0,4,Loyal Shoppers
C002211,5.0,985.25,3.0,197.05,3.6,0.2,0.2,0.0,0.5369297132707435,0.1835067241816798,0.2795635625475767,2,Beauty Regulars
C002212,7.0,2966.19,16.0,423.74142857142857,3.7142857142857144,0.0,0.4285714285714285,0.5932526237361734,0.3459892994042863,0.0607580768595403,0.0,0,Accessory Collectors
C002213,2.0,254.57,259.0,127.285,4.5,0.5,1.0,0.7072710845739876,0.0,0.2927289154260125,0.0,0,Accessory Collectors
C002214,12.0,6380.48,41.0,531.7066666666666,3.3333333333333335,0.0833333333333333,0.8333333333333334,0.3391014469130849,0.4848929861076282,0.0910213651637494,0.0849842018155374,2,Beauty Regulars
C002215,2.0,307.03999999999996,235.0,153.51999999999998,4.5,0.0,0.0,0.0,0.6136334028139657,0.3863665971860344,0.0,2,Beauty Regulars
C002216,4.0,905.35,68.0,226.3375,2.5,0.5,0.75,0.0,0.4167890870933892,0.2229855856850941,0.3602253272215165,3,Ready-to-Wear Focus
C002217,0.0,0.0,0.0,0.0,0.0,0.0,0.0,0.0,0.0,0.0,0.0,1,Trend-Driven Newcomers
C002218,7.0,4076.64,20.0,582.3771428571429,4.0,0.0,0.5714285714285714,0.3296832685741199,0.0,0.2470931943953844,0.4232235370304957,3,Ready-to-Wear Focus
C002219,6.0,2255.69,122.0,375.9483333333333,3.5,0.1666666666666666,0.5,0.1678200461942909,0.2277928261418901,0.0990251319995212,0.5053619956642978,3,Ready-to-Wear Focus
C002220,8.0,3477.7,56.0,434.7125,3.875,0.0,0.5,0.5853236334358916,0.1896770854300256,0.2249992811340828,0.0,0,Accessory Collectors
C002221,0.0,0.0,0.0,0.0,0.0,0.0,0.0,0.0,0.0,0.0,0.0,1,Trend-Driven Newcomers
C002222,4.0,1118.12,27.0,279.53,4.0,0.0,0.75,0.0,0.5844542625120739,0.4155457374879262,0.0,2,Beauty Regulars
C002223,12.0,3536.04,2.0,294.67,4.166666666666667,0.1666666666666666,0.0,0.0750217757717672,0.605205257859074,0.3197729663691587,0.0,2,Beauty Regulars
C002224,4.0,1087.32,24.0,271.83,4.75,0.5,1.0,0.8141393518007579,0.0,0.1858606481992422,0.0,0,Accessory Collectors
C002225,0.0,0.0,0.0,0.0,0.0,0.0,0.0,0.0,0.0,0.0,0.0,1,Trend-Driven Newcomers
C002226,7.0,1449.72,105.0,207.10285714285715,3.7142857142857144,0.1428571428571428,0.1428571428571428,0.23929448445217,0.3071006815109124,0.4536048340369175,0.0,4,Loyal Shoppers
C002227,0.0,0.0,0.0,0.0,0.0,0.0,0.0,0.0,0.0,0.0,0.0,1,Trend-Driven Newcomers
C002228,0.0,0.0,0.0,0.0,0.0,0.0,0.0,0.0,0.0,0.0,0.0,1,Trend-Driven Newcomers
C002229,5.0,1110.49,126.0,222.098,2.2,0.0,0.4,0.3562211276103341,0.3904672712046034,0.1228016461201811,0.1305099550648812,2,Beauty Regulars
C002230,5.0,738.41,47.0,147.682,4.6,0.0,0.0,0.3442531926707384,0.1688357416611367,0.3296407145082001,0.1572703511599247,4,Loyal Shoppers
C002231,6.0,4102.0199999999995,183.0,683.67,4.666666666666667,0.0,0.1666666666666666,0.5538661439973477,0.4461338560026524,0.0,0.0,0,Accessory Collectors
C002232,0.0,0.0,0.0,0.0,0.0,0.0,0.0,0.0,0.0,0.0,0.0,1,Trend-Driven Newcomers
C002233,0.0,0.0,0.0,0.0,0.0,0.0,0.0,0.0,0.0,0.0,0.0,1,Trend-Driven Newcomers
C002234,4.0,646.02,152.0,161.505,3.5,0.25,0.5,0.0,0.4435156806290827,0.5564843193709174,0.0,4,Loyal Shoppers
C002235,5.0,1719.9699999999998,293.0,343.99399999999997,3.0,0.4,0.2,0.286574765838939,0.6363483084007279,0.077076925760333,0.0,2,Beauty Regulars
C002236,10.0,2423.6,38.0,242.36,4.1,0.2,0.9,0.2457707542498762,0.0,0.5761883149034495,0.1780409308466743,4,Loyal Shoppers
C002237,3.0,3078.2200000000003,222.0,1026.0733333333335,4.0,0.0,0.6666666666666666,0.360120459226436,0.0885186893724295,0.0,0.5513608514011343,3,Ready-to-Wear Focus
C002238,3.0,1754.4,39.0,584.8,3.3333333333333335,0.0,0.0,0.0,1.0,0.0,0.0,2,Beauty Regulars
C002239,2.0,526.8,303.0,263.4,5.0,0.5,0.0,0.7311123766135156,0.2688876233864845,0.0,0.0,0,Accessory Collectors
C002240,8.0,4763.79,18.0,595.47375,3.625,0.25,0.875,0.0366011096207011,0.0873464195524991,0.4667607094351346,0.409291761391665,3,Ready-to-Wear Focus
C002241,0.0,0.0,0.0,0.0,0.0,0.0,0.0,0.0,0.0,0.0,0.0,1,Trend-Driven Newcomers
C002242,6.0,1822.91,105.0,303.8183333333333,4.166666666666667,0.0,0.1666666666666666,0.0,0.5177161790763121,0.0,0.482283820923688,2,Beauty Regulars
C002243,6.0,2811.43,103.0,468.57166666666666,4.333333333333333,0.0,1.0,0.5051948652465116,0.0,0.1975756109880025,0.2972295237654859,0,Accessory Collectors
C002244,4.0,546.63,61.0,136.6575,4.0,0.0,0.0,0.1017690210928781,0.516016318167682,0.1149589301721457,0.2672557305672942,2,Beauty Regulars
C002245,0.0,0.0,0.0,0.0,0.0,0.0,0.0,0.0,0.0,0.0,0.0,1,Trend-Driven Newcomers
C002246,6.0,868.04,84.0,144.67333333333332,3.6666666666666665,0.5,0.0,0.0,0.4824432053822404,0.4253029814294272,0.0922538131883323,2,Beauty Regulars
C002247,4.0,575.11,107.0,143.7775,3.75,0.25,0.0,0.0,0.2929178765801325,0.1098224687451096,0.5972596546747578,3,Ready-to-Wear Focus
C002248,4.0,503.86,117.0,125.965,3.5,0.0,0.5,0.0,0.4948001428968364,0.3095105783352518,0.1956892787679117,2,Beauty Regulars
C002249,5.0,1271.57,21.0,254.314,3.4,0.0,0.4,0.1495474098948543,0.0,0.0834322923629843,0.7670202977421612,3,Ready-to-Wear Focus
C002250,4.0,1095.46,2.0,273.865,4.0,0.25,0.0,0.1118890694320194,0.8881109305679806,0.0,0.0,2,Beauty Regulars
C002251,2.0,313.6,88.0,156.8,3.0,0.0,0.0,0.0,0.840561224489796,0.0,0.159438775510204,2,Beauty Regulars
C002252,1.0,120.3,440.0,120.3,5.0,0.0,0.0,0.0,0.0,1.0,0.0,4,Loyal Shoppers
C002253,5.0,1777.75,212.0,355.55,3.4,0.2,0.4,0.4676191815497116,0.0,0.2187090423287863,0.3136717761215019,0,Accessory Collectors
C002254,6.0,2735.8399999999997,176.0,455.9733333333333,4.333333333333333,0.1666666666666666,0.5,0.0966796303877419,0.1183329434469852,0.0878852564477454,0.6971021697175273,3,Ready-to-Wear Focus
C002255,6.0,3242.77,107.0,540.4616666666667,3.8333333333333335,0.0,0.8333333333333334,0.37141086170157,0.1615162345772287,0.2399306765512201,0.2271422271699812,0,Accessory Collectors
C002256,1.0,379.38,126.0,379.38,4.0,0.0,0.0,0.0,0.0,1.0,0.0,4,Loyal Shoppers
C002257,2.0,1273.62,394.0,636.81,2.5,0.0,1.0,0.9526546379610872,0.0,0.0,0.0473453620389127,0,Accessory Collectors
C002258,2.0,812.16,154.0,406.08,4.5,0.0,1.0,0.0,0.0,1.0,0.0,4,Loyal Shoppers
C002259,4.0,2396.51,4.0,599.1275,4.5,0.0,0.75,0.0,0.0,0.6944431694422305,0.3055568305577694,4,Loyal Shoppers
C002260,7.0,2570.51,15.0,367.21571428571434,3.857142857142857,0.1428571428571428,0.0,0.2553773375711434,0.1129736900459441,0.6316489723829123,0.0,4,Loyal Shoppers
C002261,5.0,850.34,59.0,170.068,3.2,0.0,0.0,0.0,0.7339769974363196,0.2660230025636804,0.0,2,Beauty Regulars
C002262,2.0,767.09,362.0,383.545,2.5,0.0,0.5,0.402299599786205,0.597700400213795,0.0,0.0,2,Beauty Regulars
C002263,4.0,1523.88,86.0,380.97,3.0,0.25,1.0,0.166784786203638,0.0,0.5688374412683413,0.2643777725280206,4,Loyal Shoppers
C002264,1.0,631.77,436.0,631.77,4.0,1.0,0.0,0.0,0.0,1.0,0.0,4,Loyal Shoppers
C002265,0.0,0.0,0.0,0.0,0.0,0.0,0.0,0.0,0.0,0.0,0.0,1,Trend-Driven Newcomers
C002266,2.0,760.25,61.0,380.125,3.0,0.0,1.0,1.0,0.0,0.0,0.0,0,Accessory Collectors
C002267,2.0,475.72,144.0,237.86,4.5,0.0,0.0,0.0,0.2178172033969561,0.7821827966030438,0.0,4,Loyal Shoppers
C002268,0.0,0.0,0.0,0.0,0.0,0.0,0.0,0.0,0.0,0.0,0.0,1,Trend-Driven Newcomers
C002269,4.0,358.78000000000003,107.0,89.69500000000001,3.75,0.0,0.0,0.409944812977312,0.590055187022688,0.0,0.0,2,Beauty Regulars
C002270,3.0,1366.14,66.0,455.37999999999994,4.0,0.6666666666666666,0.0,0.4828714480214326,0.0,0.5171285519785674,0.0,4,Loyal Shoppers
C002271,3.0,270.19,79.0,90.06333333333333,2.0,0.0,0.3333333333333333,0.0,0.0,0.4394685221510789,0.5605314778489211,3,Ready-to-Wear Focus
C002272,0.0,0.0,0.0,0.0,0.0,0.0,0.0,0.0,0.0,0.0,0.0,1,Trend-Driven Newcomers
C002273,5.0,2836.58,65.0,567.316,3.0,0.4,0.8,0.0,0.0,0.4226991658969604,0.5773008341030396,3,Ready-to-Wear Focus
C002274,6.0,1180.1,158.0,196.6833333333333,3.5,0.3333333333333333,0.3333333333333333,0.0,0.2687653588678926,0.5328531480383019,0.1983814930938056,4,Loyal Shoppers
C002275,11.0,4268.6900000000005,38.0,388.0627272727274,3.272727272727273,0.2727272727272727,0.9090909090909092,0.0815472662573295,0.0,0.4166922404765864,0.501760493266084,3,Ready-to-Wear Focus
C002276,12.0,2451.92,17.0,204.32666666666668,4.666666666666667,0.0,0.0833333333333333,0.354974876831218,0.5100859734412215,0.0612989004535221,0.0736402492740383,2,Beauty Regulars
C002277,6.0,1583.72,13.0,263.9533333333333,3.5,0.3333333333333333,0.3333333333333333,0.3874485388831359,0.223252847725608,0.2322885358522971,0.1570100775389589,0,Accessory Collectors
C002278,5.0,1249.19,31.0,249.838,3.2,0.6,0.8,0.3346568576437531,0.1344311113601614,0.0,0.5309120309960854,3,Ready-to-Wear Focus
C002279,0.0,0.0,0.0,0.0,0.0,0.0,0.0,0.0,0.0,0.0,0.0,1,Trend-Driven Newcomers
C002280,0.0,0.0,0.0,0.0,0.0,0.0,0.0,0.0,0.0,0.0,0.0,1,Trend-Driven Newcomers
C002281,5.0,2254.35,79.0,450.87,3.8,0.2,0.0,0.0807106261228292,0.5741655022512032,0.3451238716259676,0.0,2,Beauty Regulars
C002282,2.0,574.26,232.0,287.13,4.0,0.5,0.0,1.0,0.0,0.0,0.0,0,Accessory Collectors
C002283,6.0,1952.65,11.0,325.44166666666666,4.833333333333333,0.6666666666666666,0.3333333333333333,0.0,0.4289913707013545,0.0493944127211737,0.5216142165774716,3,Ready-to-Wear Focus
C002284,9.0,3685.07,190.0,409.4522222222222,3.111111111111111,0.1111111111111111,0.1111111111111111,0.0367292887245018,0.5709688011353923,0.2384079542586707,0.1538939558814351,2,Beauty Regulars
C002285,3.0,1402.85,22.0,467.61666666666673,3.3333333333333335,0.0,1.0,0.0,0.0,0.8564422425776099,0.1435577574223901,4,Loyal Shoppers
C002286,7.0,3989.48,44.0,569.9257142857143,4.0,0.0,0.5714285714285714,0.1070615719341869,0.0715632112455758,0.6143231699369341,0.2070520468833031,4,Loyal Shoppers
C002287,3.0,489.37,255.0,163.1233333333333,2.3333333333333335,0.3333333333333333,0.0,0.0,0.0,0.576721090381511,0.423278909618489,4,Loyal Shoppers
C002288,1.0,261.87,324.0,261.87,3.0,0.0,1.0,1.0,0.0,0.0,0.0,0,Accessory Collectors
C002289,8.0,3764.56,0.0,470.57,3.25,0.25,0.75,0.1122707567418237,0.5639835731134581,0.1995558577894893,0.1241898123552287,2,Beauty Regulars
C002290,0.0,0.0,0.0,0.0,0.0,0.0,0.0,0.0,0.0,0.0,0.0,1,Trend-Driven Newcomers
C002291,7.0,2966.72,5.0,423.8171428571428,3.857142857142857,0.2857142857142857,0.7142857142857143,0.0543765505339229,0.0,0.1275786053284435,0.8180448441376335,3,Ready-to-Wear Focus
C002292,0.0,0.0,0.0,0.0,0.0,0.0,0.0,0.0,0.0,0.0,0.0,1,Trend-Driven Newcomers
C002293,4.0,612.9200000000001,89.0,153.23000000000002,4.5,0.0,0.25,0.0,0.1434444952032892,0.7024081446191999,0.1541473601775109,4,Loyal Shoppers
C002294,4.0,806.83,65.0,201.7075,4.25,0.25,0.25,0.0,0.5651004548665767,0.4348995451334234,0.0,2,Beauty Regulars
C002295,6.0,1893.42,71.0,315.57,3.8333333333333335,0.1666666666666666,0.8333333333333334,0.4356191441941037,0.053971121040234,0.0,0.5104097347656622,3,Ready-to-Wear Focus
C002296,2.0,224.79,405.0,112.395,3.0,0.0,0.0,0.2541483162062369,0.7458516837937631,0.0,0.0,2,Beauty Regulars
C002297,1.0,156.23,540.0,156.23,3.0,0.0,1.0,0.0,0.0,0.0,1.0,3,Ready-to-Wear Focus
C002298,4.0,943.94,63.0,235.985,3.75,0.25,0.25,0.0,0.0,1.0,0.0,4,Loyal Shoppers
C002299,5.0,1130.52,152.0,226.104,4.0,0.2,0.0,0.3897586951137529,0.0874376393164207,0.5228036655698264,0.0,4,Loyal Shoppers
C002300,6.0,1500.16,98.0,250.02666666666664,3.8333333333333335,0.1666666666666666,0.1666666666666666,0.3776997120307167,0.5061660089590443,0.1161342790102389,0.0,2,Beauty Regulars
C002301,0.0,0.0,0.0,0.0,0.0,0.0,0.0,0.0,0.0,0.0,0.0,1,Trend-Driven Newcomers
C002302,7.0,2504.88,12.0,357.84000000000003,4.142857142857143,0.0,0.2857142857142857,0.5124157644278369,0.212169844463607,0.0,0.2754143911085561,0,Accessory Collectors
C002303,6.0,2462.52,246.0,410.42,4.0,0.1666666666666666,1.0,0.024434319315173,0.1293349901726686,0.0835891688189334,0.7626415216932249,3,Ready-to-Wear Focus
C002304,3.0,353.53999999999996,260.0,117.84666666666664,4.0,0.0,0.6666666666666666,1.0,0.0,0.0,0.0,0,Accessory Collectors
C002305,5.0,1907.0,118.0,381.4,4.0,0.2,0.4,0.0748662821185107,0.1272260094389092,0.1726691137912952,0.6252385946512847,3,Ready-to-Wear Focus
C002306,3.0,834.66,156.0,278.21999999999997,2.6666666666666665,0.3333333333333333,0.0,0.0,1.0,0.0,0.0,2,Beauty Regulars
C002307,5.0,2145.4300000000003,26.0,429.08600000000007,3.2,0.4,0.4,0.5202034091067991,0.0956358399015582,0.1966039441976667,0.187556806793976,0,Accessory Collectors
C002308,2.0,3502.44,55.0,1751.22,2.5,0.0,1.0,0.0,0.0,0.0,1.0,3,Ready-to-Wear Focus
C002309,6.0,2269.42,120.0,378.2366666666667,4.166666666666667,0.0,0.8333333333333334,0.1479056322760881,0.0,0.3995249887636489,0.4525693789602629,3,Ready-to-Wear Focus
C002310,7.0,1956.62,178.0,279.51714285714286,2.7142857142857144,0.1428571428571428,0.4285714285714285,0.0868436385194876,0.0,0.2615326430272613,0.6516237184532511,3,Ready-to-Wear Focus
C002311,2.0,599.46,258.0,299.73,3.5,0.0,0.5,0.0,0.6422280052046841,0.0,0.3577719947953157,2,Beauty Regulars
C002312,0.0,0.0,0.0,0.0,0.0,0.0,0.0,0.0,0.0,0.0,0.0,1,Trend-Driven Newcomers
C002313,2.0,1668.23,244.0,834.115,4.0,0.0,0.5,0.0,0.0763623720949749,0.0,0.923637627905025,3,Ready-to-Wear Focus
C002314,4.0,429.92,2.0,107.48,4.75,0.0,0.25,0.0,0.0,0.5959015630815035,0.4040984369184965,4,Loyal Shoppers
C002315,4.0,1241.6999999999998,186.0,310.42499999999995,3.5,0.0,1.0,0.0,0.0,0.0,1.0,3,Ready-to-Wear Focus
C002316,3.0,748.55,73.0,249.51666666666665,4.0,0.0,0.6666666666666666,0.4290294569501035,0.0,0.0,0.5709705430498965,3,Ready-to-Wear Focus
C002317,4.0,1005.0,75.0,251.25,3.5,0.25,0.0,0.2968557213930348,0.3194029850746269,0.0,0.3837412935323383,2,Beauty Regulars
C002318,3.0,2037.16,182.0,679.0533333333333,2.0,0.0,0.3333333333333333,0.8271122543148305,0.1728877456851695,0.0,0.0,0,Accessory Collectors
C002319,7.0,1516.85,34.0,216.69285714285712,3.5714285714285716,0.1428571428571428,0.1428571428571428,0.0900814187296041,0.2322180835283647,0.6777004977420312,0.0,4,Loyal Shoppers
C002320,0.0,0.0,0.0,0.0,0.0,0.0,0.0,0.0,0.0,0.0,0.0,1,Trend-Driven Newcomers
C002321,5.0,1605.71,114.0,321.142,5.0,0.0,0.2,0.3904441026088148,0.2082131891811099,0.4013427082100753,0.0,4,Loyal Shoppers
C002322,6.0,1791.9499999999998,214.0,298.6583333333333,3.1666666666666665,0.3333333333333333,0.8333333333333334,0.4182036329138648,0.197912888194425,0.1529060520661849,0.2309774268255252,0,Accessory Collectors
C002323,0.0,0.0,0.0,0.0,0.0,0.0,0.0,0.0,0.0,0.0,0.0,1,Trend-Driven Newcomers
C002324,4.0,666.02,213.0,166.505,4.5,0.0,0.25,0.0,0.5940662442569292,0.2061799945947569,0.1997537611483138,2,Beauty Regulars
C002325,5.0,960.59,103.0,192.118,3.8,0.0,0.6,0.1703224060212994,0.0605148918893596,0.1538221301491791,0.6153405719401618,3,Ready-to-Wear Focus
C002326,9.0,4342.15,28.0,482.46111111111105,3.3333333333333335,0.0,0.4444444444444444,0.1613394286240687,0.7381228193406493,0.0,0.100537752035282,2,Beauty Regulars
C002327,11.0,3659.99,16.0,332.72636363636366,3.363636363636364,0.2727272727272727,0.2727272727272727,0.0619127374664958,0.4662936237530704,0.2242109951120085,0.2475826436684253,2,Beauty Regulars
C002328,5.0,2242.8500000000004,28.0,448.5700000000001,3.8,0.2,0.8,0.6652696346166707,0.0,0.0,0.3347303653833292,0,Accessory Collectors
C002329,0.0,0.0,0.0,0.0,0.0,0.0,0.0,0.0,0.0,0.0,0.0,1,Trend-Driven Newcomers
C002330,3.0,1247.0100000000002,98.0,415.6700000000001,5.0,0.0,1.0,0.7577886304039262,0.2422113695960738,0.0,0.0,0,Accessory Collectors
C002331,5.0,932.79,24.0,186.558,3.4,0.2,0.0,0.3378359545020851,0.0,0.6621640454979149,0.0,4,Loyal Shoppers
C002332,7.0,1334.97,23.0,190.71,3.4285714285714284,0.1428571428571428,0.8571428571428571,0.4387439418114265,0.330269594073275,0.0528176663145988,0.1781687978006996,0,Accessory Collectors
C002333,3.0,407.21,81.0,135.73666666666665,4.666666666666667,0.0,0.0,0.0,0.0,1.0,0.0,4,Loyal Shoppers
C002334,6.0,2002.3,9.0,333.71666666666664,3.3333333333333335,0.0,0.5,0.5335464216151425,0.1642710882485142,0.0,0.3021824901363432,0,Accessory Collectors
C002335,1.0,104.25,119.0,104.25,1.0,0.0,0.0,0.0,0.0,1.0,0.0,4,Loyal Shoppers
C002336,4.0,1958.02,73.0,489.505,3.5,0.25,0.5,0.1702587307586235,0.0,0.5541669645866742,0.2755743046547022,4,Loyal Shoppers
C002337,3.0,1353.77,53.0,451.25666666666666,4.333333333333333,0.0,0.3333333333333333,0.4438050776719826,0.0478811024029192,0.508313819925098,0.0,4,Loyal Shoppers
C002338,6.0,1562.09,13.0,260.3483333333333,4.166666666666667,0.1666666666666666,0.0,0.0,0.8381399279170855,0.1618600720829145,0.0,2,Beauty Regulars
C002339,0.0,0.0,0.0,0.0,0.0,0.0,0.0,0.0,0.0,0.0,0.0,1,Trend-Driven Newcomers
C002340,0.0,0.0,0.0,0.0,0.0,0.0,0.0,0.0,0.0,0.0,0.0,1,Trend-Driven Newcomers
C002341,9.0,2940.33,19.0,326.7033333333333,3.4444444444444446,0.0,0.6666666666666666,0.6172402417415732,0.0255141429703468,0.2882737651896215,0.0689718500984583,0,Accessory Collectors
C002342,9.0,2645.9,22.0,293.9888888888889,3.888888888888889,0.0,0.3333333333333333,0.2021164821043879,0.2760270607354775,0.4287425828640538,0.0931138742960807,4,Loyal Shoppers
C002343,7.0,1707.13,233.0,243.8757142857143,3.2857142857142856,0.2857142857142857,0.0,0.7495328416699372,0.2504671583300627,0.0,0.0,0,Accessory Collectors
C002344,5.0,823.54,68.0,164.708,3.8,0.0,0.0,0.0,0.4818345192704665,0.1281540665905724,0.390011414138961,2,Beauty Regulars
C002345,4.0,3514.95,272.0,878.7375,5.0,0.25,0.75,0.2767037937950753,0.5526252151524204,0.1706709910525043,0.0,2,Beauty Regulars
C002346,4.0,2303.01,158.0,575.7525,3.75,0.0,1.0,0.5182912796731234,0.1503032987264492,0.3314054216004272,0.0,0,Accessory Collectors
C002347,3.0,1217.58,46.0,405.86,2.6666666666666665,0.0,1.0,0.0,0.0,0.1870102991179224,0.8129897008820776,3,Ready-to-Wear Focus
C002348,4.0,718.5799999999999,151.0,179.64499999999998,3.75,0.0,1.0,0.1456761947173592,0.6069748670990008,0.2473489381836399,0.0,2,Beauty Regulars
C002349,2.0,383.18,83.0,191.59,3.0,0.0,0.0,0.0,1.0,0.0,0.0,2,Beauty Regulars
C002350,0.0,0.0,0.0,0.0,0.0,0.0,0.0,0.0,0.0,0.0,0.0,1,Trend-Driven Newcomers
C002351,3.0,922.85,129.0,307.6166666666667,4.0,0.3333333333333333,1.0,0.2744541366419245,0.0,0.0,0.7255458633580756,3,Ready-to-Wear Focus
C002352,5.0,3689.000000000001,217.0,737.8000000000001,4.2,0.0,0.8,0.2144022770398481,0.1164868528056383,0.6691108701545134,0.0,4,Loyal Shoppers
C002353,5.0,1987.47,278.0,397.494,4.4,0.2,0.8,0.8390617216863651,0.0,0.1609382783136349,0.0,0,Accessory Collectors
C002354,10.0,2565.67,87.0,256.567,3.8,0.0,0.3,0.0972299633234203,0.4774113584365877,0.1528372705764965,0.2725214076634953,2,Beauty Regulars
C002355,9.0,3070.04,146.0,341.11555555555555,3.4444444444444446,0.1111111111111111,0.7777777777777778,0.1762257169287696,0.2040592304986254,0.1204381701867076,0.4992768823858972,3,Ready-to-Wear Focus
C002356,5.0,1377.3200000000002,31.0,275.46400000000006,3.8,0.0,0.8,0.9264005459878604,0.0,0.0,0.0735994540121395,0,Accessory Collectors
C002357,3.0,805.5200000000001,229.0,268.5066666666667,3.3333333333333335,0.0,0.0,0.4529496474327143,0.5470503525672857,0.0,0.0,2,Beauty Regulars
C002358,8.0,1566.68,63.0,195.835,3.0,0.0,0.25,0.0,0.3455204636556284,0.0746993642607297,0.5797801720836419,3,Ready-to-Wear Focus
C002359,2.0,603.7,21.0,301.85,5.0,0.5,0.5,0.3555573960576445,0.6444426039423554,0.0,0.0,2,Beauty Regulars
C002360,7.0,1030.29,3.0,147.18428571428572,3.0,0.1428571428571428,0.0,0.0485300255267934,0.2121344475827194,0.0522377194770404,0.6870978074134467,3,Ready-to-Wear Focus
C002361,1.0,354.14,120.0,354.14,5.0,0.0,1.0,0.0,0.0,1.0,0.0,4,Loyal Shoppers
C002362,6.0,2054.95,96.0,342.4916666666666,4.333333333333333,0.5,0.6666666666666666,0.0318888537434,0.0,0.4524003017105039,0.5157108445460961,3,Ready-to-Wear Focus
C002363,2.0,1000.73,60.0,500.365,3.5,0.0,0.5,0.0,1.0,0.0,0.0,2,Beauty Regulars
C002364,8.0,3059.87,212.0,382.48375,3.125,0.125,1.0,0.0,0.1837921218875311,0.2338857533163174,0.5823221247961514,3,Ready-to-Wear Focus
C002365,4.0,1058.71,139.0,264.6775,3.75,0.0,0.5,0.0,0.3967280936233718,0.3601552833164889,0.2431166230601392,2,Beauty Regulars
C002366,6.0,1336.1,246.0,222.6833333333333,3.8333333333333335,0.0,0.5,0.1899558416286206,0.3525110395928448,0.0,0.4575331187785345,3,Ready-to-Wear Focus
C002367,4.0,1630.53,81.0,407.6325,3.25,0.0,0.25,0.4186000870882473,0.4872035473128369,0.0941963655989157,0.0,2,Beauty Regulars
C002368,7.0,3251.05,144.0,464.4357142857143,3.2857142857142856,0.5714285714285714,0.5714285714285714,0.193651281893542,0.157038495255379,0.3112963504098675,0.3380138724412113,3,Ready-to-Wear Focus
C002369,6.0,1882.51,79.0,313.75166666666667,4.0,0.1666666666666666,0.5,0.4261013221709313,0.2608857323467073,0.0975718588480273,0.2154410866343339,0,Accessory Collectors
C002370,8.0,3518.59,47.0,439.82375,3.5,0.125,0.75,0.0930486359592905,0.0,0.1372595272538147,0.7696918367868947,3,Ready-to-Wear Focus
C002371,0.0,0.0,0.0,0.0,0.0,0.0,0.0,0.0,0.0,0.0,0.0,1,Trend-Driven Newcomers
C002372,7.0,1499.2,85.0,214.17142857142855,2.7142857142857144,0.0,0.2857142857142857,0.2670224119530416,0.2977854855923159,0.4351921024546425,0.0,4,Loyal Shoppers
C002373,7.0,1127.73,79.0,161.1042857142857,3.7142857142857144,0.2857142857142857,0.2857142857142857,0.384152235020794,0.3031133338653755,0.2541388452909828,0.0585955858228476,2,Beauty Regulars
C002374,7.0,3837.79,31.0,548.2557142857142,4.0,0.1428571428571428,0.8571428571428571,0.2967098251858491,0.1591567021645269,0.0539737713632064,0.4901597012864175,3,Ready-to-Wear Focus
C002375,6.0,2634.2,280.0,439.0333333333333,4.5,0.3333333333333333,0.6666666666666666,0.3130589932427303,0.0,0.6411434211525321,0.0457975856047376,4,Loyal Shoppers
C002376,4.0,1555.66,153.0,388.915,3.75,0.0,1.0,0.0,0.2037848887288996,0.6483164701798595,0.147898641091241,4,Loyal Shoppers
C002377,4.0,1914.89,108.0,478.7225,4.5,0.25,0.75,0.2958028920721294,0.5859083289379546,0.0,0.1182887789899158,2,Beauty Regulars
C002378,5.0,3016.09,21.0,603.2180000000001,3.6,0.0,1.0,0.1153546479050691,0.5859307911899181,0.1043006011093833,0.1944139597956294,2,Beauty Regulars
C002379,2.0,378.23,47.0,189.115,2.5,0.0,0.0,0.0,1.0,0.0,0.0,2,Beauty Regulars
C002380,5.0,1606.22,62.0,321.244,2.8,0.0,0.4,0.6220007221924768,0.0,0.1130667031913436,0.2649325746161796,0,Accessory Collectors
C002381,7.0,1002.03,5.0,143.14714285714285,3.7142857142857144,0.2857142857142857,0.1428571428571428,0.2152031376306098,0.4480304980888796,0.0,0.3367663642805105,2,Beauty Regulars
C002382,4.0,1297.87,157.0,324.4675,3.5,0.0,0.0,0.4423786665844808,0.0,0.153836670853013,0.4037846625625062,3,Ready-to-Wear Focus
C002383,5.0,2108.35,29.0,421.67,3.6,0.0,0.8,0.5563450091303626,0.0,0.1935921455166362,0.2500628453530011,0,Accessory Collectors
C002384,3.0,619.12,6.0,206.3733333333333,3.0,0.3333333333333333,0.0,0.0,0.7209426282465435,0.2790573717534565,0.0,2,Beauty Regulars
C002385,1.0,322.64,447.0,322.64,4.0,1.0,0.0,0.0,0.0,1.0,0.0,4,Loyal Shoppers
C002386,3.0,1534.53,163.0,511.51,4.666666666666667,0.0,0.3333333333333333,0.4073885815200745,0.5926114184799255,0.0,0.0,2,Beauty Regulars
C002387,10.0,4312.98,55.0,431.29799999999994,3.7,0.1,0.7,0.2214941873136439,0.0,0.3335095456041994,0.4449962670821566,3,Ready-to-Wear Focus
C002388,6.0,2867.89,29.0,477.9816666666666,3.8333333333333335,0.3333333333333333,0.8333333333333334,0.1193107127539759,0.4158004665450905,0.2484614123972676,0.2164274083036657,3,Ready-to-Wear Focus
C002389,7.0,2254.19,39.0,322.02714285714285,3.2857142857142856,0.0,0.8571428571428571,0.482000186319698,0.0632156118162177,0.0,0.4547842018640842,3,Ready-to-Wear Focus
C002390,2.0,657.76,355.0,328.88,3.5,0.0,0.5,0.5676994648504015,0.0,0.4323005351495986,0.0,0,Accessory Collectors
C002391,4.0,2125.19,135.0,531.2975,3.5,0.0,0.75,0.2203003025611827,0.0,0.0,0.7796996974388172,3,Ready-to-Wear Focus
C002392,8.0,1569.83,20.0,196.22875,4.25,0.0,0.0,0.0787346400565666,0.5987973220030195,0.1644254473414318,0.158042590598982,2,Beauty Regulars
C002393,1.0,1315.32,4.0,1315.32,2.0,0.0,0.0,0.0,0.0,0.0,1.0,3,Ready-to-Wear Focus
C002394,3.0,999.04,236.0,333.0133333333333,2.3333333333333335,0.0,0.0,0.6173726777706599,0.0,0.1432575272261371,0.239369795003203,0,Accessory Collectors
C002395,2.0,625.04,283.0,312.52,3.5,0.0,0.5,0.0,0.0,0.8238352745424292,0.1761647254575707,4,Loyal Shoppers
C002396,8.0,1785.37,1.0,223.17125,3.625,0.125,0.0,0.0,0.4292051507530652,0.2602989856444322,0.3104958636025026,2,Beauty Regulars
C002397,5.0,1606.25,4.0,321.25,3.0,0.0,0.2,0.1072933852140077,0.0914739299610895,0.0,0.8012326848249027,3,Ready-to-Wear Focus
C002398,12.0,2225.12,0.0,185.42666666666665,2.9166666666666665,0.4166666666666667,0.0,0.337855935859639,0.2807084561731501,0.1975533903789458,0.1838822175882649,2,Beauty Regulars
C002399,4.0,2185.09,22.0,546.2725,3.5,0.0,0.75,0.305694502285947,0.1266995867447107,0.0,0.5676059109693422,3,Ready-to-Wear Focus
C002400,3.0,1196.48,3.0,398.82666666666665,3.6666666666666665,0.3333333333333333,0.3333333333333333,0.0,0.4489920433270928,0.2100912677186413,0.3409166889542658,2,Beauty Regulars
C002401,2.0,1267.43,217.0,633.715,4.0,0.0,0.0,0.7499191276835802,0.2500808723164198,0.0,0.0,0,Accessory Collectors
C002402,4.0,2367.07,207.0,591.7675,3.0,0.25,0.25,0.454971758334143,0.241708103266908,0.0417647133375861,0.2615554250613627,0,Accessory Collectors
C002403,4.0,1879.82,49.0,469.955,3.0,0.25,1.0,0.6325552446510837,0.0,0.2692545030907214,0.0981902522581949,0,Accessory Collectors
C002404,5.0,1062.87,212.0,212.574,4.6,0.0,0.8,0.1512320415478845,0.6386952308372613,0.1163830007432705,0.0936897268715835,2,Beauty Regulars
C002405,3.0,543.47,199.0,181.15666666666667,3.0,0.3333333333333333,0.0,0.2039487000202403,0.7960512999797597,0.0,0.0,2,Beauty Regulars
C002406,7.0,3943.13,110.0,563.3042857142857,3.142857142857143,0.0,0.8571428571428571,0.2635774118530203,0.2078044599087527,0.0945213573988176,0.4340967708394093,3,Ready-to-Wear Focus
C002407,4.0,1131.81,106.0,282.9525,3.5,0.0,1.0,0.5025843560314894,0.0,0.0,0.4974156439685107,3,Ready-to-Wear Focus
C002408,4.0,1573.44,24.0,393.36,2.5,0.0,1.0,0.3133007931665649,0.0,0.0,0.686699206833435,3,Ready-to-Wear Focus
C002409,4.0,1142.68,156.0,285.67,4.5,0.25,0.0,0.0,1.0,0.0,0.0,2,Beauty Regulars
C002410,2.0,1025.87,497.0,512.9350000000001,3.5,0.0,1.0,0.0,0.0,0.3181982122491154,0.6818017877508846,3,Ready-to-Wear Focus
C002411,11.0,2242.98,11.0,203.90727272727273,3.636363636363636,0.1818181818181818,0.2727272727272727,0.1283248178762182,0.2283167928380993,0.5296079323043451,0.1137504569813373,4,Loyal Shoppers
C002412,8.0,3305.85,23.0,413.23125,2.75,0.25,0.25,0.209410590317165,0.0,0.2079344192870215,0.5826549903958135,3,Ready-to-Wear Focus
C002413,9.0,3764.96,197.0,418.3288888888889,3.4444444444444446,0.0,0.3333333333333333,0.1986873698525349,0.2202360715651693,0.1285989758191322,0.4524775827631634,3,Ready-to-Wear Focus
C002414,0.0,0.0,0.0,0.0,0.0,0.0,0.0,0.0,0.0,0.0,0.0,1,Trend-Driven Newcomers
C002415,1.0,68.09,396.0,68.09,4.0,1.0,1.0,1.0,0.0,0.0,0.0,0,Accessory Collectors
C002416,9.0,3075.54,8.0,341.7266666666667,2.888888888888889,0.1111111111111111,0.8888888888888888,0.6258088010560747,0.0,0.0,0.3741911989439253,0,Accessory Collectors
C002417,0.0,0.0,0.0,0.0,0.0,0.0,0.0,0.0,0.0,0.0,0.0,1,Trend-Driven Newcomers
C002418,0.0,0.0,0.0,0.0,0.0,0.0,0.0,0.0,0.0,0.0,0.0,1,Trend-Driven Newcomers
C002419,7.0,2569.7,79.0,367.1,3.7142857142857144,0.0,0.5714285714285714,0.3022531813052107,0.436233801611083,0.1528699848231311,0.1086430322605751,2,Beauty Regulars
C002420,9.0,2229.62,39.0,247.73555555555555,3.888888888888889,0.0,0.2222222222222222,0.4342847660139396,0.3955606785012693,0.0385312295368717,0.1316233259479194,2,Beauty Regulars
C002421,7.0,2760.08,56.0,394.2971428571428,3.2857142857142856,0.0,0.7142857142857143,0.302969479145532,0.3584207704124518,0.3386097504420162,0.0,0,Accessory Collectors
C002422,3.0,884.73,266.0,294.91,3.0,0.3333333333333333,0.0,0.2842223051100335,0.7157776948899663,0.0,0.0,2,Beauty Regulars
C002423,7.0,1236.24,242.0,176.6057142857143,3.7142857142857144,0.0,0.1428571428571428,0.208389956642723,0.3705833818675985,0.2755856467999741,0.1454410146897042,2,Beauty Regulars
C002424,4.0,761.26,53.0,190.315,5.0,0.0,0.25,0.0,1.0,0.0,0.0,2,Beauty Regulars
C002425,5.0,495.3,53.0,99.06,3.6,0.2,0.2,0.0,0.602402584292348,0.0,0.3975974157076519,2,Beauty Regulars
C002426,3.0,227.82,6.0,75.94,5.333333333333333,0.6666666666666666,0.0,0.0,0.7102976033710824,0.2897023966289175,0.0,2,Beauty Regulars
C002427,0.0,0.0,0.0,0.0,0.0,0.0,0.0,0.0,0.0,0.0,0.0,1,Trend-Driven Newcomers
C002428,2.0,424.99,330.0,212.495,4.0,0.0,0.0,1.0,0.0,0.0,0.0,0,Accessory Collectors
C002429,5.0,1414.74,133.0,282.948,3.4,0.2,0.2,0.0,0.4923307462855365,0.5076692537144635,0.0,4,Loyal Shoppers
C002430,7.0,1913.68,202.0,273.3828571428572,4.142857142857143,0.1428571428571428,0.2857142857142857,0.1706189122528322,0.1743342669620835,0.3183552109025542,0.3366916098825299,3,Ready-to-Wear Focus
C002431,3.0,1253.78,120.0,417.9266666666667,3.6666666666666665,0.3333333333333333,0.6666666666666666,0.0,0.3248337028824833,0.3333918231268644,0.3417744739906522,3,Ready-to-Wear Focus
C002432,6.0,3093.44,34.0,515.5733333333334,3.5,0.1666666666666666,0.8333333333333334,0.4572611720285507,0.0,0.0,0.5427388279714492,3,Ready-to-Wear Focus
C002433,5.0,1384.15,15.0,276.83000000000004,3.2,0.4,0.6,0.4338619369288011,0.3737456200556299,0.1923924430155691,0.0,0,Accessory Collectors
C002434,1.0,138.87,510.0,138.87,3.0,0.0,0.0,0.0,0.0,0.0,1.0,3,Ready-to-Wear Focus
C002435,5.0,2906.25,101.0,581.25,3.0,0.2,0.8,0.2186597849462365,0.0,0.0,0.7813402150537634,3,Ready-to-Wear Focus
C002436,1.0,344.6,236.0,344.6,4.0,1.0,1.0,1.0,0.0,0.0,0.0,0,Accessory Collectors
C002437,4.0,921.68,137.0,230.42,4.5,0.0,0.0,0.0,0.6308697161704713,0.0,0.3691302838295286,2,Beauty Regulars
C002438,3.0,945.4,55.0,315.1333333333333,4.666666666666667,0.0,0.0,0.6169346308440872,0.3830653691559128,0.0,0.0,0,Accessory Collectors
C002439,3.0,1345.23,402.0,448.41,3.3333333333333335,0.0,0.3333333333333333,0.1432840480809973,0.2833344483842911,0.0,0.5733815035347115,3,Ready-to-Wear Focus
C002440,6.0,1431.24,76.0,238.54,3.5,0.1666666666666666,0.5,0.333689667700735,0.3931555853665353,0.1535731254017495,0.1195816215309801,2,Beauty Regulars
C002441,8.0,2357.7799999999997,1.0,294.72249999999997,4.0,0.125,0.125,0.1520667746778749,0.446504762954983,0.1050225211851826,0.2964059411819593,2,Beauty Regulars
C002442,6.0,1655.12,27.0,275.85333333333335,2.5,0.3333333333333333,0.3333333333333333,0.402834839769926,0.2776173328822079,0.0,0.319547827347866,3,Ready-to-Wear Focus
C002443,7.0,2306.17,103.0,329.45285714285717,3.2857142857142856,0.0,0.5714285714285714,0.2195241460950406,0.1485493263722969,0.0755581765437933,0.5563683509888689,3,Ready-to-Wear Focus
C002444,0.0,0.0,0.0,0.0,0.0,0.0,0.0,0.0,0.0,0.0,0.0,1,Trend-Driven Newcomers
C002445,5.0,1360.0700000000002,28.0,272.014,4.0,0.4,0.2,0.0,0.5097531744689612,0.4902468255310389,0.0,4,Loyal Shoppers
C002446,2.0,632.03,20.0,316.015,4.5,0.0,0.5,0.5458443428318276,0.0,0.4541556571681724,0.0,0,Accessory Collectors
C002447,5.0,2834.4700000000003,41.0,566.894,4.4,0.4,1.0,0.8790990908353237,0.0,0.1209009091646763,0.0,0,Accessory Collectors
C002448,6.0,2105.75,110.0,350.9583333333333,3.1666666666666665,0.0,0.8333333333333334,0.3401828327199335,0.5228588388935058,0.0,0.1369583283865606,2,Beauty Regulars
C002449,3.0,1490.74,157.0,496.91333333333336,3.0,0.0,0.3333333333333333,0.0,0.4452285442129412,0.0,0.5547714557870588,3,Ready-to-Wear Focus
C002450,5.0,1098.19,150.0,219.638,3.8,0.0,0.8,0.0,0.0,1.0,0.0,4,Loyal Shoppers
C002451,0.0,0.0,0.0,0.0,0.0,0.0,0.0,0.0,0.0,0.0,0.0,1,Trend-Driven Newcomers
C002452,7.0,4292.1900000000005,209.0,613.1700000000001,4.142857142857143,0.2857142857142857,0.8571428571428571,0.2417111078493729,0.3462125395194527,0.4120763526311742,0.0,4,Loyal Shoppers
C002453,9.0,2202.39,2.0,244.71,2.888888888888889,0.1111111111111111,0.8888888888888888,0.705115806010743,0.2558674894092327,0.0,0.0390167045800244,0,Accessory Collectors
C002454,8.0,2532.48,171.0,316.56,4.375,0.125,0.0,0.0729285127621935,0.2786359615870609,0.6484355256507456,0.0,4,Loyal Shoppers
C002455,0.0,0.0,0.0,0.0,0.0,0.0,0.0,0.0,0.0,0.0,0.0,1,Trend-Driven Newcomers
C002456,5.0,930.8,26.0,186.16,3.0,0.0,0.0,0.0,0.478427159432746,0.1639127632144392,0.3576600773528148,2,Beauty Regulars
C002457,3.0,857.66,207.0,285.88666666666666,4.333333333333333,0.0,0.3333333333333333,0.0,0.5207075064710958,0.0,0.4792924935289042,2,Beauty Regulars
C002458,0.0,0.0,0.0,0.0,0.0,0.0,0.0,0.0,0.0,0.0,0.0,1,Trend-Driven Newcomers
C002459,3.0,823.3,76.0,274.43333333333334,3.3333333333333335,0.0,0.0,0.2819871249848172,0.5924571845013968,0.0,0.1255556905137859,2,Beauty Regulars
C002460,0.0,0.0,0.0,0.0,0.0,0.0,0.0,0.0,0.0,0.0,0.0,1,Trend-Driven Newcomers
C002461,0.0,0.0,0.0,0.0,0.0,0.0,0.0,0.0,0.0,0.0,0.0,1,Trend-Driven Newcomers
C002462,4.0,1457.52,121.0,364.38,3.75,0.25,0.5,0.5595532136780283,0.2684285635874636,0.1720182227345079,0.0,0,Accessory Collectors
C002463,2.0,1210.95,91.0,605.475,5.5,0.0,0.5,0.0,0.0916470539658945,0.9083529460341054,0.0,4,Loyal Shoppers
C002464,0.0,0.0,0.0,0.0,0.0,0.0,0.0,0.0,0.0,0.0,0.0,1,Trend-Driven Newcomers
C002465,3.0,1333.51,79.0,444.5033333333334,3.6666666666666665,0.0,0.0,1.0,0.0,0.0,0.0,0,Accessory Collectors
C002466,2.0,557.5699999999999,94.0,278.78499999999997,3.5,0.0,1.0,0.0,0.0,0.2712305181412199,0.7287694818587801,3,Ready-to-Wear Focus
C002467,7.0,2979.38,83.0,425.6257142857143,3.142857142857143,0.1428571428571428,0.8571428571428571,0.5507723083326062,0.1464767837603796,0.113748498009653,0.1890024098973612,0,Accessory Collectors
C002468,0.0,0.0,0.0,0.0,0.0,0.0,0.0,0.0,0.0,0.0,0.0,1,Trend-Driven Newcomers
C002469,5.0,1880.0,60.0,376.0,3.2,0.2,1.0,0.0,0.0,0.4753404255319149,0.5246595744680851,3,Ready-to-Wear Focus
C002470,5.0,2181.15,12.0,436.23,3.4,0.0,1.0,1.0,0.0,0.0,0.0,0,Accessory Collectors
C002471,4.0,2631.26,386.0,657.815,3.75,0.5,0.75,0.3654256895935787,0.0,0.3951376906881114,0.2394366197183098,4,Loyal Shoppers
C002472,6.0,833.73,55.0,138.955,4.0,0.5,0.0,0.4972233216988713,0.1772396339342472,0.3255370443668814,0.0,0,Accessory Collectors
C002473,6.0,3504.41,152.0,584.0683333333333,4.0,0.0,0.3333333333333333,0.3287771693380626,0.2861280500854637,0.3850947805764736,0.0,4,Loyal Shoppers
C002474,7.0,1972.18,12.0,281.73999999999995,3.2857142857142856,0.0,0.8571428571428571,0.5433226176109686,0.3798537658834386,0.0768236165055927,0.0,0,Accessory Collectors
C002475,7.0,3338.67,89.0,476.9528571428572,2.857142857142857,0.4285714285714285,0.8571428571428571,0.4378749621855409,0.0,0.2262038476399284,0.3359211901745305,0,Accessory Collectors
C002476,2.0,911.88,67.0,455.94,5.0,0.0,0.0,0.0,0.4485239285870948,0.5514760714129052,0.0,4,Loyal Shoppers
C002477,3.0,2110.28,121.0,703.4266666666667,5.0,0.0,1.0,0.0,0.0236935382982353,0.8196210929355346,0.15668536876623,4,Loyal Shoppers
C002478,0.0,0.0,0.0,0.0,0.0,0.0,0.0,0.0,0.0,0.0,0.0,1,Trend-Driven Newcomers
C002479,4.0,1109.95,87.0,277.4875,4.0,0.0,0.75,0.1616739492769944,0.8383260507230055,0.0,0.0,2,Beauty Regulars
C002480,5.0,1387.51,23.0,277.502,3.8,0.2,0.2,0.0,0.6337467838069636,0.3662532161930364,0.0,2,Beauty Regulars
C002481,1.0,576.31,355.0,576.31,4.0,0.0,0.0,1.0,0.0,0.0,0.0,0,Accessory Collectors
C002482,5.0,1130.38,74.0,226.07599999999996,5.4,0.2,0.0,0.2992268086838054,0.458704152585856,0.1554167625046444,0.086652276225694,2,Beauty Regulars
C002483,2.0,262.87,55.0,131.435,3.5,0.5,0.5,0.2679651538783429,0.0,0.0,0.7320348461216571,3,Ready-to-Wear Focus
C002484,0.0,0.0,0.0,0.0,0.0,0.0,0.0,0.0,0.0,0.0,0.0,1,Trend-Driven Newcomers
C002485,1.0,127.89,432.0,127.89,6.0,0.0,0.0,0.0,1.0,0.0,0.0,2,Beauty Regulars
C002486,4.0,422.74,105.0,105.685,4.25,0.0,0.0,0.0,0.4341675734494015,0.2922600179779533,0.2735724085726451,2,Beauty Regulars
C002487,2.0,484.38,2.0,242.19,3.5,0.0,0.5,0.5912300260126347,0.4087699739873653,0.0,0.0,0,Accessory Collectors
C002488,1.0,59.78,531.0,59.78,3.0,0.0,1.0,0.0,1.0,0.0,0.0,2,Beauty Regulars
C002489,5.0,2627.35,6.0,525.47,3.4,0.2,0.2,0.0,1.0,0.0,0.0,2,Beauty Regulars
C002490,9.0,1810.45,84.0,201.16111111111113,3.6666666666666665,0.2222222222222222,0.8888888888888888,0.2145433455770664,0.0,0.2731088955784474,0.5123477588444861,3,Ready-to-Wear Focus
C002491,2.0,759.81,137.0,379.905,2.5,0.0,1.0,0.4257774970058304,0.0,0.0,0.5742225029941697,3,Ready-to-Wear Focus
C002492,0.0,0.0,0.0,0.0,0.0,0.0,0.0,0.0,0.0,0.0,0.0,1,Trend-Driven Newcomers
C002493,8.0,2871.45,93.0,358.93125,3.875,0.0,0.875,0.0295390830416688,0.1906632537568127,0.0,0.7797976632015184,3,Ready-to-Wear Focus
C002494,3.0,689.63,102.0,229.8766666666667,4.0,0.0,0.0,0.3475341849977524,0.6524658150022475,0.0,0.0,2,Beauty Regulars
C002495,2.0,799.52,254.0,399.76,3.5,0.0,0.0,0.2032969781869121,0.7967030218130879,0.0,0.0,2,Beauty Regulars
C002496,5.0,1660.82,148.0,332.164,2.6,0.2,0.0,0.0742344143254537,0.67982683252851,0.2459387531460363,0.0,2,Beauty Regulars
C002497,5.0,2303.97,6.0,460.794,4.0,0.2,0.0,0.0,0.6777866031241725,0.2520952963797271,0.0701181004961002,2,Beauty Regulars
C002498,2.0,272.29,312.0,136.145,3.5,0.0,1.0,0.2370634250247897,0.0,0.0,0.7629365749752103,3,Ready-to-Wear Focus
C002499,0.0,0.0,0.0,0.0,0.0,0.0,0.0,0.0,0.0,0.0,0.0,1,Trend-Driven Newcomers
C002500,9.0,3090.71,23.0,343.4122222222222,3.5555555555555554,0.2222222222222222,0.7777777777777778,0.1457949791471862,0.1612250906749582,0.1855722471535666,0.507407683024289,3,Ready-to-Wear Focus
